,County,Precinct,Registered Voters,Ballots Cast,Voter Turnout,Election_Day_Votes_Perdue_Rep_Senate,Advanced_Voting_Votes_Perdue_Rep_Senate,Absentee_by_Mail_Votes_Perdue_Rep_Senate,Provisional_Votes_Perdue_Rep_Senate,Total_Votes_Perdue_Rep_Senate,Election_Day_Votes_Ossoff_Dem_Senate,Advanced_Voting_Votes_Ossoff_Dem_Senate,Absentee_by_Mail_Votes_Ossoff_Dem_Senate,Provisional_Votes_Ossoff_Dem_Senate,Total_Votes_Ossoff_Dem_Senate,Total_Senate,Election_Day_Votes_Loeffler_Rep_SenateSpecial,Advanced_Voting_Votes_Loeffler_Rep_SenateSpecial,Absentee_by_Mail_Votes_Loeffler_Rep_SenateSpecial,Provisional_Votes_Loeffler_Rep_SenateSpecial,Total_Votes_Loeffler_Rep_SenateSpecial,Election_Day_Votes_Warnock_Dem_SenateSpecial,Advanced_Voting_Votes_Warnock_Dem_SenateSpecial,Absentee_by_Mail_Votes_Warnock_Dem_SenateSpecial,Provisional_Votes_Warnock_Dem_SenateSpecial,Total_Votes_Warnock_Dem_SenateSpecial,Total_SenateSpecial,Election_Day_Votes_Jr._Rep_PublicService4,Advanced_Voting_Votes_Jr._Rep_PublicService4,Absentee_by_Mail_Votes_Jr._Rep_PublicService4,Provisional_Votes_Jr._Rep_PublicService4,Total_Votes_Jr._Rep_PublicService4,Election_Day_Votes_Blackman_Dem_PublicService4,Advanced_Voting_Votes_Blackman_Dem_PublicService4,Absentee_by_Mail_Votes_Blackman_Dem_PublicService4,Provisional_Votes_Blackman_Dem_PublicService4,Total_Votes_Blackman_Dem_PublicService4,Total_PublicService4
0,Appling,1B,1330,860,64.66 %,323,349,85,1,758,29,34,38,0,101,859,325,352,85,1,763,28,31,38,0,97,860,318,342,87,1,748,27,35,34,0,96,844
1,Appling,1C,868,576,66.36 %,238,240,56,0,534,15,11,14,0,40,574,238,240,55,0,533,15,11,15,0,41,574,234,242,54,0,530,16,8,14,0,38,568
2,Appling,2,2308,1244,53.90 %,187,182,55,0,424,183,392,240,1,816,1240,187,181,56,0,424,184,393,240,1,818,1242,189,183,57,0,429,171,371,232,1,775,1204
3,Appling,3A1,815,539,66.13 %,263,211,44,0,518,5,8,7,0,20,538,262,211,45,0,518,6,8,7,0,21,539,261,207,45,0,513,5,9,7,0,21,534
4,Appling,3C,1605,1011,62.99 %,224,435,90,1,750,62,107,88,0,257,1007,225,433,93,1,752,63,109,85,0,257,1009,227,431,90,1,749,57,101,85,0,243,992
5,Appling,4B,883,639,72.37 %,293,257,68,0,618,5,8,7,0,20,638,293,256,68,0,617,5,9,8,0,22,639,290,249,66,0,605,5,8,6,0,19,624
6,Appling,4D,1529,1024,66.97 %,343,440,121,0,904,24,59,35,0,118,1022,343,443,122,0,908,24,57,34,0,115,1023,337,434,125,0,896,22,57,29,0,108,1004
7,Appling,5A,1164,676,58.08 %,229,266,71,0,566,30,49,29,0,108,674,230,266,70,0,566,30,48,29,0,107,673,229,259,72,0,560,26,49,26,0,101,661
8,Appling,5B,1162,730,62.82 %,263,272,75,1,611,37,46,35,0,118,729,262,274,72,1,609,36,44,38,0,118,727,259,267,71,1,598,37,46,34,0,117,715
0,Atkinson,Pearson County,1841,1012,54.97 %,354,466,58,0,878,41,61,29,0,131,1009,356,467,59,0,882,40,62,28,0,130,1012,343,447,56,0,846,41,61,28,0,130,976
1,Atkinson,Axson,751,460,61.25 %,240,162,23,1,426,19,10,3,0,32,458,241,163,22,1,427,19,8,4,0,31,458,230,163,23,1,417,20,9,3,0,32,449
2,Atkinson,Willacoochee,1342,727,54.17 %,281,145,32,0,458,106,123,37,0,266,724,278,143,31,0,452,109,124,37,0,270,722,278,142,32,0,452,102,121,36,0,259,711
3,Atkinson,Pearson City,943,457,48.46 %,62,82,19,0,163,93,155,43,0,291,454,61,84,20,0,165,94,155,42,0,291,456,57,84,19,0,160,96,148,42,0,286,446
0,Bacon,Douglas,6720,4141,61.62 %,834,2352,382,1,3569,159,253,147,0,559,4128,833,2353,385,1,3572,162,252,145,0,559,4131,826,2308,376,1,3511,154,245,137,0,536,4047
0,Baker,Anna,168,117,69.64 %,71,14,3,0,88,13,9,7,0,29,117,71,14,3,0,88,13,9,7,0,29,117,69,12,3,0,84,11,9,7,0,27,111
1,Baker,Elmodel,399,262,65.66 %,61,48,18,0,127,20,65,49,0,134,261,60,51,19,0,130,21,62,48,0,131,261,60,46,18,0,124,20,60,47,0,127,251
2,Baker,Hoggards Mill,359,212,59.05 %,50,38,13,0,101,34,37,37,0,108,209,52,38,15,0,105,34,37,34,0,105,210,50,37,15,0,102,35,37,35,0,107,209
3,Baker,Milford,274,192,70.07 %,72,42,14,0,128,27,17,20,0,64,192,71,42,14,0,127,27,17,20,0,64,191,70,42,15,0,127,27,17,19,0,63,190
4,Baker,Newton,1075,663,61.67 %,128,183,54,0,365,59,134,97,5,295,660,130,182,53,0,365,58,135,98,5,296,661,124,176,51,1,352,58,129,96,3,286,638
0,Baldwin,South Milledgeville,1266,674,53.24 %,31,75,23,0,129,113,254,169,1,537,666,30,74,24,0,128,114,257,170,1,542,670,30,73,26,0,129,115,252,161,1,529,658
1,Baldwin,City Hall Annex,969,428,44.17 %,50,44,27,1,122,71,113,116,0,300,422,49,44,27,1,121,72,113,120,0,305,426,51,46,28,1,126,69,110,115,0,294,420
2,Baldwin,Boddie,1406,567,40.33 %,33,57,8,0,98,127,200,140,0,467,565,32,56,8,0,96,128,201,141,0,470,566,32,57,10,0,99,126,192,138,0,456,555
3,Baldwin,Courthouse,511,232,45.40 %,29,43,19,0,91,25,63,53,0,141,232,29,42,17,0,88,25,64,55,0,144,232,28,43,18,0,89,24,62,50,0,136,225
4,Baldwin,Fire Dept,1508,838,55.57 %,45,94,23,0,162,118,313,243,0,674,836,45,95,22,0,162,118,312,244,0,674,836,46,98,22,0,166,115,303,242,0,660,826
5,Baldwin,North Milledgeville,2240,1518,67.77 %,180,399,140,0,719,163,414,221,1,799,1518,183,395,141,0,719,160,416,220,1,797,1516,183,402,141,0,726,154,398,209,1,762,1488
6,Baldwin,Meriweather,2888,2069,71.64 %,367,743,164,0,1274,136,468,186,0,790,2064,369,741,161,0,1271,135,473,189,0,797,2068,365,751,159,0,1275,137,455,181,0,773,2048
7,Baldwin,East Baldwin,3877,2547,65.70 %,419,840,179,0,1438,237,582,285,0,1104,2542,416,835,178,0,1429,241,586,286,0,1113,2542,423,835,184,0,1442,225,569,273,0,1067,2509
8,Baldwin,Scottsboro,1131,628,55.53 %,148,168,42,0,358,79,106,82,0,267,625,149,169,42,0,360,80,106,82,0,268,628,145,167,39,0,351,77,102,80,0,259,610
9,Baldwin,North Baldwin,3550,2501,70.45 %,449,1097,198,0,1744,125,381,247,1,754,2498,445,1096,198,0,1739,130,382,248,1,761,2500,448,1112,206,0,1766,122,357,234,0,713,2479
10,Baldwin,West Baldwin,1900,1265,66.58 %,226,362,84,0,672,127,281,183,0,591,1263,226,360,83,0,669,126,284,185,0,595,1264,227,368,87,0,682,121,268,171,0,560,1242
11,Baldwin,East Hardwick,1322,503,38.05 %,28,47,15,0,90,148,183,79,0,410,500,28,48,15,0,91,148,183,80,0,411,502,30,47,13,0,90,144,177,78,0,399,489
12,Baldwin,West Hardwick,2933,1709,58.27 %,90,187,58,0,335,317,574,477,1,1369,1704,87,184,57,0,328,320,579,479,1,1379,1707,93,186,58,0,337,314,560,464,1,1339,1676
13,Baldwin,Coopers,1587,1011,63.71 %,314,329,56,0,699,71,140,101,0,312,1011,311,329,58,0,698,74,140,99,0,313,1011,311,324,57,0,692,71,138,93,0,302,994
0,Banks,Anderson,0,866,0.00 %,271,421,74,4,770,19,34,43,0,96,866,269,420,72,4,765,19,35,45,0,99,864,270,415,72,4,761,19,33,40,0,92,853
1,Banks,Baldwin,0,547,0.00 %,112,249,94,1,456,18,35,37,0,90,546,110,248,89,1,448,20,36,42,0,98,546,108,246,94,1,449,20,33,38,0,91,540
2,Banks,Berlin,0,259,0.00 %,70,143,19,0,232,5,17,4,0,26,258,69,144,19,0,232,6,16,4,0,26,258,72,140,18,0,230,3,19,4,0,26,256
3,Banks,Bushville,0,424,0.00 %,157,197,31,2,387,11,13,11,1,36,423,156,199,30,2,387,11,11,11,1,34,421,157,200,32,2,391,11,10,10,1,32,423
4,Banks,Columbia,0,237,0.00 %,86,112,22,0,220,5,6,6,0,17,237,86,112,22,0,220,5,6,6,0,17,237,87,112,20,0,219,4,6,6,0,16,235
5,Banks,Davids,0,1077,0.00 %,322,516,81,2,921,40,62,50,1,153,1074,323,514,82,2,921,39,64,51,1,155,1076,322,515,83,2,922,39,60,47,1,147,1069
6,Banks,Golden Hill,0,521,0.00 %,150,251,52,3,456,11,25,27,0,63,519,148,250,52,3,453,13,28,27,0,68,521,148,249,49,3,449,12,27,27,0,66,515
7,Banks,Grove River,0,354,0.00 %,111,167,50,2,330,9,10,5,0,24,354,111,167,46,2,326,9,10,9,0,28,354,111,168,49,2,330,8,8,6,0,22,352
8,Banks,Hollingsworth,0,414,0.00 %,129,196,37,0,362,7,21,24,0,52,414,127,197,34,0,358,9,20,27,0,56,414,128,198,39,0,365,8,17,21,0,46,411
9,Banks,Homer,0,893,0.00 %,269,460,77,1,807,17,35,32,1,85,892,269,462,77,1,809,16,33,32,1,82,891,271,459,81,1,812,14,32,27,1,74,886
10,Banks,Poplar Springs,0,1073,0.00 %,324,514,119,4,961,25,42,42,2,111,1072,321,513,120,4,958,28,43,41,2,114,1072,319,511,118,3,951,27,38,43,2,110,1061
11,Banks,Washington,0,440,0.00 %,134,213,38,0,385,10,24,20,0,54,439,134,211,39,0,384,10,25,19,0,54,438,134,208,41,0,383,10,27,17,0,54,437
12,Banks,Wilmonts,0,354,0.00 %,124,164,36,1,325,7,12,10,0,29,354,124,164,36,1,325,7,12,10,0,29,354,124,162,35,1,322,5,11,10,0,26,348
0,Barrow,01 Bethlehem Community Center,3414,1971,57.73 %,688,625,170,0,1483,143,194,150,0,487,1970,684,624,166,0,1474,147,195,154,0,496,1970,690,631,169,0,1490,135,183,144,0,462,1952
1,Barrow,02 Bethlehem Church - 211,6911,4464,64.59 %,1179,1916,508,0,3603,180,326,350,0,856,4459,1172,1910,502,0,3584,188,332,356,0,876,4460,1181,1911,517,0,3609,170,313,332,0,815,4424
2,Barrow,03 Hmong New Hope Alliance Church ,6475,3434,53.03 %,1128,1125,362,0,2615,227,288,297,0,812,3427,1129,1114,355,0,2598,227,299,305,0,831,3429,1127,1125,355,0,2607,219,276,293,0,788,3395
3,Barrow,04 Covenant Life Sanctuary ,4089,2104,51.46 %,586,778,199,0,1563,143,222,173,0,538,2101,585,771,196,0,1552,144,231,177,0,552,2104,593,779,194,0,1566,132,215,174,0,521,2087
4,Barrow,05 Fire Station 1 (Statham),8554,5288,61.82 %,1344,1887,474,0,3705,357,662,553,0,1572,5277,1335,1872,468,0,3675,364,682,561,0,1607,5282,1363,1897,472,0,3732,331,640,534,0,1505,5237
5,Barrow,08 First Baptist Church Winder,7152,4283,59.89 %,1012,1845,401,0,3258,210,465,345,0,1020,4278,1008,1845,397,0,3250,214,466,348,0,1028,4278,1022,1840,403,0,3265,194,462,328,0,984,4249
6,Barrow,13 Winder Community Center,9639,4825,50.06 %,1031,1543,423,0,2997,437,821,563,0,1821,4818,1025,1539,417,0,2981,442,824,572,0,1838,4819,1044,1542,427,0,3013,412,802,549,0,1763,4776
7,Barrow,16 The Church at Winder,10585,5744,54.27 %,1322,1775,468,0,3565,490,977,703,0,2170,5735,1315,1764,467,0,3546,494,987,708,0,2189,5735,1324,1768,476,0,3568,473,966,679,0,2118,5686
0,Bartow,Adairsville,7148,3988,55.79 %,1289,1512,354,0,3155,201,298,327,0,826,3981,1279,1510,354,0,3143,213,300,330,0,843,3986,1281,1501,352,0,3134,195,298,317,0,810,3944
1,Bartow,Allatoona,4834,2282,47.21 %,688,752,201,1,1642,198,211,229,0,638,2280,689,750,195,1,1635,194,214,235,0,643,2278,686,744,202,0,1632,191,209,226,0,626,2258
2,Bartow,Cartersville East,6974,3761,53.93 %,786,1211,395,1,2393,317,563,477,3,1360,3753,778,1212,387,1,2378,324,565,485,3,1377,3755,779,1216,401,1,2397,313,548,455,3,1319,3716
3,Bartow,Cartersville West,8229,5132,62.36 %,1034,2061,498,0,3593,315,676,545,0,1536,5129,1020,2044,492,0,3556,327,694,550,0,1571,5127,1044,2069,507,0,3620,292,656,510,0,1458,5078
4,Bartow,Cassville,4661,2363,50.70 %,522,864,251,0,1637,171,284,263,3,721,2358,520,861,243,0,1624,174,289,269,3,735,2359,524,860,249,0,1633,166,281,252,3,702,2335
5,Bartow,Center,4055,2535,62.52 %,882,858,284,2,2026,118,194,195,0,507,2533,878,856,283,2,2019,119,196,196,0,511,2530,884,858,288,2,2032,104,190,184,0,478,2510
6,Bartow,Emerson,3160,1780,56.33 %,669,530,213,1,1413,92,118,154,0,364,1777,664,529,211,1,1405,97,120,156,0,373,1778,665,525,219,1,1410,90,115,143,0,348,1758
7,Bartow,Euharlee,5482,3208,58.52 %,1127,1085,235,1,2448,216,267,272,1,756,3204,1122,1082,227,1,2432,221,272,280,1,774,3206,1124,1081,231,1,2437,206,267,268,1,742,3179
8,Bartow,Folsom,1476,915,61.99 %,477,237,93,0,807,42,28,33,1,104,911,477,235,91,0,803,41,31,36,1,109,912,483,237,93,0,813,35,27,30,1,93,906
9,Bartow,Hamilton Crossing,6735,3930,58.35 %,1067,1479,423,3,2972,197,380,374,0,951,3923,1058,1475,412,3,2948,206,385,381,0,972,3920,1062,1469,412,1,2944,196,378,374,1,949,3893
10,Bartow,Kingston,2747,1633,59.45 %,704,507,146,2,1359,105,71,96,0,272,1631,703,504,139,1,1347,106,75,103,1,285,1632,700,500,146,2,1348,102,72,93,0,267,1615
11,Bartow,Mission Road,4090,2400,58.68 %,581,895,254,3,1733,149,287,228,0,664,2397,576,894,253,3,1726,154,289,227,0,670,2396,580,896,253,3,1732,145,279,216,0,640,2372
12,Bartow,Pine Log,2159,1399,64.80 %,746,328,159,0,1233,67,33,64,0,164,1397,745,329,159,0,1233,69,33,64,0,166,1399,746,321,154,0,1221,59,35,63,0,157,1378
13,Bartow,Taylorsville,2888,1819,62.98 %,934,514,186,0,1634,55,57,70,0,182,1816,932,515,185,0,1632,57,57,71,0,185,1817,924,512,185,0,1621,60,54,65,0,179,1800
14,Bartow,White,2759,1717,62.23 %,795,506,166,0,1467,73,77,98,0,248,1715,795,504,164,0,1463,75,79,100,0,254,1717,795,511,167,0,1473,69,70,93,0,232,1705
15,Bartow,Zena Drive,6571,3085,46.95 %,652,933,336,1,1922,304,493,363,0,1160,3082,646,924,330,1,1901,310,500,369,0,1179,3080,648,927,336,1,1912,300,483,348,0,1131,3043
16,Bartow,Woodland,1914,1087,56.79 %,372,316,117,0,805,66,110,106,0,282,1087,372,316,116,0,804,64,110,107,0,281,1085,379,315,120,0,814,58,106,99,0,263,1077
0,Ben Hill,East,4040,2153,53.29 %,271,657,99,2,1029,210,588,314,0,1112,2141,268,658,102,2,1030,215,590,313,0,1118,2148,273,653,101,2,1029,210,575,310,0,1095,2124
1,Ben Hill,West,6047,3583,59.25 %,628,1589,284,1,2502,225,558,287,0,1070,3572,629,1589,284,1,2503,225,562,288,0,1075,3578,627,1596,288,0,2511,221,531,274,0,1026,3537
0,Berrien,West Berrien,1023,695,67.94 %,387,182,59,0,628,20,27,16,0,63,691,388,184,60,0,632,20,27,16,0,63,695,383,183,57,0,623,21,26,12,0,59,682
1,Berrien,Ray City,2014,1089,54.07 %,401,407,81,0,889,80,72,43,0,195,1084,401,407,76,0,884,84,72,48,0,204,1088,406,403,80,0,889,76,71,42,0,189,1078
2,Berrien,Nashville,6237,3538,56.73 %,888,1720,326,1,2935,144,271,183,0,598,3533,889,1722,328,1,2940,140,272,179,0,591,3531,885,1717,328,0,2930,134,256,177,0,567,3497
3,Berrien,Enigma,1141,627,54.95 %,353,147,41,0,541,52,16,17,0,85,626,352,147,40,0,539,51,16,17,0,84,623,350,143,39,0,532,50,15,17,0,82,614
4,Berrien,Alapaha,1159,747,64.45 %,322,177,46,0,545,96,70,34,0,200,745,322,177,45,0,544,98,70,35,0,203,747,324,180,46,0,550,96,64,31,0,191,741
0,Bibb,East Macon 1,2141,847,39.56 %,7,6,3,0,16,240,298,285,3,826,842,6,5,3,0,14,241,299,288,3,831,845,7,7,5,0,19,239,295,278,3,815,834
1,Bibb,East Macon 2,4002,2124,53.07 %,38,33,35,2,108,544,789,667,8,2008,2116,32,31,33,1,97,553,794,669,9,2025,2122,36,34,36,1,107,545,781,659,9,1994,2101
2,Bibb,East Macon 3,3564,1903,53.40 %,194,196,91,2,483,336,607,471,4,1418,1901,193,192,94,2,481,336,612,469,4,1421,1902,203,199,103,1,506,322,590,454,4,1370,1876
3,Bibb,East Macon 4,2322,1236,53.23 %,25,14,14,1,54,325,429,408,11,1173,1227,27,15,15,0,57,323,432,410,12,1177,1234,27,15,15,0,57,320,426,398,12,1156,1213
4,Bibb,East Macon 5,2594,1539,59.33 %,124,130,59,1,314,300,523,394,4,1221,1535,125,127,63,0,315,301,526,389,5,1221,1536,124,126,63,1,314,297,522,381,4,1204,1518
5,Bibb,Godfrey 1,6423,2882,44.87 %,114,82,42,1,239,643,1097,878,8,2626,2865,111,77,35,1,224,648,1103,893,8,2652,2876,123,85,42,1,251,630,1084,862,7,2583,2834
6,Bibb,Godfrey 2,2386,791,33.15 %,31,20,10,0,61,209,279,226,3,717,778,29,22,9,0,60,217,280,231,3,731,791,28,25,13,0,66,215,270,220,2,707,773
7,Bibb,Godfrey 3,3358,1552,46.22 %,36,57,23,0,116,399,633,393,4,1429,1545,36,58,21,0,115,399,634,399,4,1436,1551,44,55,30,1,130,389,625,382,3,1399,1529
8,Bibb,Godfrey 4,2276,817,35.90 %,29,34,17,1,81,242,264,223,1,730,811,28,33,17,1,79,245,266,224,1,736,815,34,37,21,1,93,236,259,217,1,713,806
9,Bibb,Godfrey 5,4875,2356,48.33 %,88,84,61,1,234,708,856,549,2,2115,2349,85,80,60,1,226,712,862,553,2,2129,2355,87,81,59,1,228,706,846,541,2,2095,2323
10,Bibb,Hazzard 1,3430,1717,50.06 %,46,59,62,0,167,497,601,440,8,1546,1713,47,59,60,0,166,497,602,442,8,1549,1715,56,62,65,1,184,485,588,433,7,1513,1697
11,Bibb,Hazzard 2,4248,2471,58.17 %,535,305,164,1,1005,472,645,336,4,1457,2462,536,303,165,1,1005,475,648,335,4,1462,2467,551,308,166,1,1026,451,634,328,4,1417,2443
12,Bibb,Hazzard 3,7202,4001,55.55 %,386,441,170,0,997,679,1398,910,7,2994,3991,380,439,171,0,990,685,1402,908,7,3002,3992,389,438,186,0,1013,673,1383,880,6,2942,3955
13,Bibb,Hazzard 4,4807,3459,71.96 %,863,797,284,3,1947,370,643,498,1,1512,3459,864,797,281,3,1945,369,643,500,1,1513,3458,877,811,295,3,1986,346,618,475,1,1440,3426
14,Bibb,Howard 1,3457,2568,74.28 %,642,726,347,1,1716,173,353,325,1,852,2568,628,720,347,1,1696,186,358,322,1,867,2563,640,731,357,2,1730,168,337,293,0,798,2528
15,Bibb,Howard 2,3451,2524,73.14 %,655,686,308,0,1649,211,360,299,4,874,2523,656,691,304,0,1651,209,355,300,4,868,2519,664,695,323,0,1682,197,343,273,4,817,2499
16,Bibb,Howard 3,6551,4228,64.54 %,924,929,373,1,2227,485,893,613,6,1997,4224,914,924,367,1,2206,492,897,615,6,2010,4216,930,941,397,1,2269,463,867,568,6,1904,4173
17,Bibb,Howard 4,1755,1112,63.36 %,179,260,97,0,536,163,241,172,0,576,1112,178,257,92,0,527,163,244,176,0,583,1110,181,262,93,0,536,158,230,168,0,556,1092
18,Bibb,Howard 5,2322,1271,54.74 %,216,166,76,0,458,294,335,178,2,809,1267,214,163,77,0,454,298,339,177,2,816,1270,218,171,80,0,469,286,327,170,2,785,1254
19,Bibb,Howard 6,2224,1435,64.52 %,295,342,159,2,798,151,288,194,2,635,1433,295,339,155,2,791,151,290,199,2,642,1433,305,343,159,2,809,137,282,186,2,607,1416
20,Bibb,Howard 7,2926,2153,73.58 %,574,573,200,1,1348,186,328,286,1,801,2149,567,568,198,1,1334,193,333,289,1,816,2150,579,586,222,2,1389,170,302,261,0,733,2122
21,Bibb,Rutland 1,5804,3949,68.04 %,1177,724,376,2,2279,359,808,494,4,1665,3944,1169,722,373,2,2266,365,812,496,4,1677,3943,1168,716,376,2,2262,357,805,474,4,1640,3902
22,Bibb,Rutland 2,3478,2241,64.43 %,859,374,183,5,1421,227,373,215,4,819,2240,864,371,186,5,1426,222,376,212,4,814,2240,861,375,175,7,1418,219,367,206,2,794,2212
23,Bibb,Vineville 1,3688,2000,54.23 %,251,228,116,1,596,317,591,480,7,1395,1991,246,223,114,1,584,324,598,484,7,1413,1997,264,232,120,1,617,301,572,465,7,1345,1962
24,Bibb,Vineville 2,2121,1135,53.51 %,143,98,34,1,276,222,323,309,3,857,1133,138,99,33,1,271,226,321,311,3,861,1132,145,109,39,1,294,213,308,297,3,821,1115
25,Bibb,Vineville 3,3193,1610,50.42 %,36,46,36,0,118,363,668,447,7,1485,1603,34,44,36,0,114,367,672,447,7,1493,1607,39,48,36,0,123,360,658,430,7,1455,1578
26,Bibb,Vineville 4,4197,2103,50.11 %,93,98,38,0,229,553,748,564,5,1870,2099,94,96,34,0,224,553,751,569,5,1878,2102,99,98,41,0,238,542,741,551,5,1839,2077
27,Bibb,Vineville 5,2386,1612,67.56 %,335,327,184,0,846,197,340,229,0,766,1612,332,325,180,0,837,198,341,233,0,772,1609,344,338,187,0,869,180,322,212,0,714,1583
28,Bibb,Vineville 6,3077,1964,63.83 %,409,341,165,2,917,243,444,350,5,1042,1959,401,336,161,2,900,251,449,356,5,1061,1961,420,360,174,2,956,222,413,324,5,964,1920
29,Bibb,Warrior 1,2661,1810,68.02 %,744,281,137,0,1162,155,286,205,1,647,1809,736,276,137,0,1149,164,290,205,1,660,1809,744,278,140,0,1162,150,282,197,1,630,1792
30,Bibb,Warrior 2,3271,2210,67.56 %,738,444,163,5,1350,142,428,283,2,855,2205,741,442,163,5,1351,140,431,283,2,856,2207,740,447,165,5,1357,135,412,277,2,826,2183
0,Bleckley,Fairground,7743,5117,66.09 %,1336,2118,466,0,3920,317,487,386,0,1190,5110,1331,2106,461,0,3898,326,497,391,0,1214,5112,1344,2107,468,0,3919,295,465,370,0,1130,5049
0,Brantley,Hoboken,3039,2041,67.16 %,856,886,161,1,1904,42,49,42,0,133,2037,856,891,161,1,1909,41,47,42,0,130,2039,855,869,161,1,1886,32,49,40,0,121,2007
1,Brantley,Nahunta,4073,2431,59.69 %,768,1246,178,0,2192,66,119,49,0,234,2426,767,1246,176,0,2189,65,118,50,0,233,2422,757,1239,173,0,2169,66,117,52,0,235,2404
2,Brantley,Waynesville,4169,2158,51.76 %,938,846,123,0,1907,62,101,85,0,248,2155,933,843,125,0,1901,64,103,83,0,250,2151,927,830,119,0,1876,61,103,80,0,244,2120
0,Brooks,Quitman,0,2013,0.00 %,238,449,88,2,777,267,500,461,3,1231,2008,237,453,88,2,780,267,498,461,3,1229,2009,239,447,88,2,776,260,483,448,3,1194,1970
1,Brooks,Barwick,0,221,0.00 %,106,36,14,1,157,16,23,25,0,64,221,106,36,14,1,157,16,23,25,0,64,221,105,37,14,1,157,17,22,25,0,64,221
2,Brooks,Dixie,0,687,0.00 %,168,137,30,0,335,59,134,155,1,349,684,166,141,29,0,336,61,132,155,1,349,685,166,141,29,0,336,60,128,154,1,343,679
3,Brooks,Briggs,0,1284,0.00 %,461,435,104,5,1005,71,103,102,1,277,1282,463,434,105,5,1007,68,103,101,1,273,1280,458,438,106,5,1007,66,98,99,1,264,1271
4,Brooks,Nankin,0,444,0.00 %,205,144,25,2,376,11,30,26,0,67,443,205,143,25,2,375,12,31,26,0,69,444,199,143,24,2,368,13,29,27,0,69,437
5,Brooks,Morven,0,1192,0.00 %,376,360,91,3,830,102,109,150,0,361,1191,376,358,92,3,829,101,109,150,0,360,1189,377,357,87,3,824,98,107,149,0,354,1178
6,Brooks,Pavo,0,388,0.00 %,171,91,17,1,280,44,28,35,0,107,387,170,90,16,1,277,46,29,36,0,111,388,171,91,18,1,281,43,27,32,0,102,383
0,Bryan,Pembroke,2706,1433,52.96 %,320,520,97,1,938,135,263,94,0,492,1430,321,517,97,1,936,135,264,95,0,494,1430,323,509,94,1,927,127,257,93,0,477,1404
1,Bryan,Danielsiding,2326,1450,62.34 %,340,621,103,0,1064,70,164,152,0,386,1450,341,622,102,0,1065,69,162,151,0,382,1447,341,622,106,0,1069,65,162,143,0,370,1439
2,Bryan,Ellabell,2390,1372,57.41 %,461,564,85,0,1110,75,114,71,0,260,1370,460,562,84,0,1106,77,116,72,0,265,1371,465,555,87,0,1107,69,110,66,0,245,1352
3,Bryan,Black Creek,3038,1564,51.48 %,481,615,104,0,1200,97,162,105,0,364,1564,479,615,103,0,1197,99,161,106,0,366,1563,479,612,108,0,1199,92,156,99,0,347,1546
4,Bryan,Ways Station,2011,1111,55.25 %,235,331,36,0,602,86,216,203,2,507,1109,235,334,38,0,607,87,214,201,2,504,1111,242,332,38,0,612,78,210,197,2,487,1099
5,Bryan,RH Rec Complex,3336,1694,50.78 %,282,529,82,6,899,164,413,216,2,795,1694,283,529,84,6,902,163,413,213,2,791,1693,285,540,90,6,921,154,394,201,2,751,1672
6,Bryan,JF Gregory Park,2941,2129,72.39 %,323,1157,153,2,1635,61,294,138,1,494,2129,323,1153,155,2,1633,61,296,136,1,494,2127,332,1157,152,2,1643,50,278,131,1,460,2103
7,Bryan,Keller,4371,2995,68.52 %,602,1361,136,3,2102,137,510,244,1,892,2994,603,1355,135,3,2096,135,515,246,1,897,2993,605,1383,143,3,2134,128,477,231,1,837,2971
8,Bryan,Hwy 144 East,5594,3595,64.27 %,650,1425,239,1,2315,160,776,338,0,1274,3589,652,1429,238,1,2320,157,772,336,0,1265,3585,662,1448,240,1,2351,144,736,319,0,1199,3550
9,Bryan,Public Safety Complex,2631,1287,48.92 %,259,405,66,1,731,104,294,158,0,556,1287,263,407,63,1,734,100,291,160,0,551,1285,270,410,67,1,748,91,284,155,0,530,1278
0,Bulloch,Lockhart,738,485,65.72 %,247,73,22,0,342,52,39,50,1,142,484,244,73,23,0,340,55,38,50,1,144,484,243,73,25,0,341,51,38,47,1,137,478
1,Bulloch,Emit,3435,2093,60.93 %,699,540,176,3,1418,151,277,242,3,673,2091,695,539,174,3,1411,155,278,242,3,678,2089,711,541,182,2,1436,138,271,221,3,633,2069
2,Bulloch,Statesboro,7165,3551,49.56 %,613,796,275,1,1685,469,801,586,3,1859,3544,616,799,272,1,1688,467,801,588,3,1859,3547,629,803,280,2,1714,451,766,559,2,1778,3492
3,Bulloch,Portal,1775,1005,56.62 %,451,181,94,1,727,105,77,96,0,278,1005,453,181,93,1,728,103,77,95,0,275,1003,447,179,94,1,721,104,75,92,0,271,992
4,Bulloch,Fair,6438,3797,58.98 %,799,1133,391,6,2329,305,641,517,2,1465,3794,799,1129,391,6,2325,304,645,515,2,1466,3791,803,1148,402,6,2359,290,608,483,2,1383,3742
5,Bulloch,Church,5894,3327,56.45 %,487,735,300,2,1524,427,720,646,3,1796,3320,487,735,298,2,1522,425,722,648,3,1798,3320,505,744,306,2,1557,400,700,621,3,1724,3281
6,Bulloch,Pittman Park,5389,2078,38.56 %,322,305,143,3,773,439,525,335,6,1305,2078,320,304,142,3,769,439,525,334,6,1304,2073,336,304,145,3,788,419,519,325,6,1269,2057
7,Bulloch,Leefield,1032,650,62.98 %,379,128,50,0,557,35,29,28,0,92,649,379,128,51,0,558,36,29,27,0,92,650,373,129,53,0,555,38,28,25,0,91,646
8,Bulloch,Blitch,1903,1402,73.67 %,556,340,150,0,1046,66,144,143,2,355,1401,553,340,150,0,1043,69,144,143,2,358,1401,555,345,148,0,1048,63,140,140,2,345,1393
9,Bulloch,Hagin,2466,1484,60.18 %,533,304,118,2,957,131,194,199,0,524,1481,534,304,117,2,957,130,194,199,0,523,1480,535,306,117,2,960,122,186,190,0,498,1458
10,Bulloch,Brooklet,3409,2221,65.15 %,887,636,181,3,1707,152,208,149,1,510,2217,889,633,181,3,1706,152,210,149,1,512,2218,889,643,184,3,1719,144,197,139,1,481,2200
11,Bulloch,Stilson,2196,1289,58.70 %,692,282,97,0,1071,72,65,78,0,215,1286,693,282,94,0,1069,72,66,81,0,219,1288,685,278,94,0,1057,72,68,74,0,214,1271
12,Bulloch,Bay,1650,1087,65.88 %,591,220,84,1,896,54,59,78,0,191,1087,584,219,85,1,889,60,60,76,0,196,1085,582,221,85,1,889,56,55,76,0,187,1076
13,Bulloch,Nevils,1326,815,61.46 %,395,178,72,0,645,60,49,60,0,169,814,395,178,72,0,645,60,49,59,0,168,813,398,178,75,0,651,51,47,57,0,155,806
14,Bulloch,Sinkhole,495,339,68.48 %,201,50,36,0,287,19,8,24,0,51,338,200,51,36,0,287,20,8,24,0,52,339,199,52,35,0,286,19,7,25,0,51,337
15,Bulloch,Register,992,554,55.85 %,214,94,39,0,347,77,67,62,1,207,554,216,94,40,0,350,75,67,61,1,204,554,217,94,39,0,350,72,64,60,1,197,547
0,Burke,Alexander,395,254,64.30 %,101,33,13,0,147,27,27,50,0,104,251,99,32,13,0,144,29,28,51,0,108,252,99,33,10,0,142,27,27,50,0,104,246
1,Burke,Four Points,2602,1412,54.27 %,528,346,86,0,960,145,207,96,0,448,1408,530,345,87,0,962,142,211,95,0,448,1410,528,340,84,0,952,140,209,95,0,444,1396
2,Burke,Girard,742,436,58.76 %,131,49,30,0,210,105,49,71,0,225,435,131,48,29,0,208,105,49,72,0,226,434,129,51,30,0,210,101,44,70,0,215,425
3,Burke,Gough,438,284,64.84 %,55,42,8,0,105,66,54,59,0,179,284,55,41,8,0,104,65,54,58,0,177,281,56,38,7,0,101,65,56,59,0,180,281
4,Burke,Greenscut,1056,606,57.39 %,165,166,24,0,355,74,101,71,0,246,601,165,165,24,0,354,77,103,71,0,251,605,164,164,27,0,355,72,96,63,0,231,586
5,Burke,Keysville,482,229,47.51 %,72,25,9,0,106,79,16,26,0,121,227,72,26,9,0,107,79,16,26,0,121,228,70,26,9,0,105,79,16,23,0,118,223
6,Burke,Midville,496,279,56.25 %,86,23,11,0,120,85,27,42,0,154,274,82,23,11,0,116,88,29,42,0,159,275,83,23,11,0,117,82,28,42,0,152,269
7,Burke,Munnerlyn,305,174,57.05 %,67,37,1,0,105,21,28,19,0,68,173,68,38,1,0,107,21,27,19,0,67,174,64,38,1,0,103,21,25,18,0,64,167
8,Burke,Sardis,1058,575,54.35 %,234,80,33,0,347,121,62,43,0,226,573,232,80,31,0,343,122,61,45,0,228,571,232,77,33,0,342,116,56,42,0,214,556
9,Burke,Scotts Crossroads,294,181,61.56 %,42,15,3,0,60,44,46,28,0,118,178,42,15,3,0,60,45,46,28,0,119,179,43,16,3,0,62,43,45,28,0,116,178
10,Burke,Telfair,1146,624,54.45 %,172,116,37,0,325,77,121,98,1,297,622,173,117,37,0,327,77,120,98,1,296,623,173,115,36,0,324,76,119,92,1,288,612
11,Burke,St Clair,451,279,61.86 %,70,63,19,0,152,43,38,46,0,127,279,70,64,20,0,154,43,37,45,0,125,279,67,62,19,0,148,40,37,44,0,121,269
12,Burke,Vidette,315,202,64.13 %,71,22,3,0,96,52,29,24,0,105,201,72,21,3,0,96,52,29,24,0,105,201,70,22,3,0,95,50,27,22,0,99,194
13,Burke,North Waynesboro,3001,1599,53.28 %,111,272,41,2,426,301,479,383,3,1166,1592,110,270,43,2,425,302,483,380,3,1168,1593,112,273,41,2,428,295,464,373,3,1135,1563
14,Burke,South Waynesboro,3316,2027,61.13 %,351,686,107,0,1144,219,431,230,0,880,2024,351,686,110,0,1147,219,430,227,0,876,2023,347,699,106,0,1152,216,406,219,0,841,1993
15,Burke,Blakeney,696,371,53.30 %,60,82,6,0,148,89,98,35,0,222,370,60,84,6,0,150,89,97,35,0,221,371,60,82,6,0,148,88,97,35,0,220,368
0,Butts,Butts County Admin Bldg,0,10224,0.00 %,1896,4483,826,0,7205,591,1577,836,0,3004,10209,1893,4468,822,0,7183,594,1592,840,0,3026,10209,1903,4502,833,0,7238,558,1514,791,0,2863,10101
0,Calhoun,Leary,726,483,66.53 %,90,97,23,0,210,93,81,96,0,270,480,90,97,23,0,210,96,81,96,0,273,483,90,97,22,0,209,95,78,94,0,267,476
1,Calhoun,Morgan,668,460,68.86 %,91,182,50,0,323,18,60,58,0,136,459,91,184,49,0,324,18,58,59,0,135,459,90,182,52,0,324,17,55,55,0,127,451
2,Calhoun,Edison,534,267,50.00 %,25,18,4,0,47,80,77,62,0,219,266,24,20,4,0,48,81,75,62,0,218,266,25,18,7,0,50,80,74,54,0,208,258
3,Calhoun,Edison-Arlington,651,388,59.60 %,70,58,21,0,149,67,101,70,0,238,387,68,58,21,0,147,66,101,70,0,237,384,70,62,21,0,153,66,95,69,0,230,383
4,Calhoun,Arlington,690,443,64.20 %,34,55,10,0,99,100,87,152,0,339,438,32,55,10,0,97,102,88,153,0,343,440,35,56,10,0,101,92,85,153,0,330,431
0,Candler,Jack Strickland Comm Center,6474,3921,60.57 %,846,1662,273,0,2781,215,583,336,0,1134,3915,847,1667,273,0,2787,213,582,336,0,1131,3918,845,1658,288,0,2791,205,556,305,0,1066,3857
0,Carroll,Kansas,1188,728,61.28 %,447,150,73,0,670,24,9,23,0,56,726,446,149,72,0,667,25,10,24,0,59,726,447,148,69,0,664,26,11,24,0,61,725
1,Carroll,Bowdon,3319,1749,52.70 %,732,407,161,0,1300,175,147,125,0,447,1747,727,400,157,0,1284,180,153,130,0,463,1747,738,403,153,0,1294,164,144,126,0,434,1728
2,Carroll,Sandhill,4518,2462,54.49 %,727,858,182,0,1767,181,323,188,0,692,2459,724,856,175,0,1755,184,324,194,0,702,2457,734,854,178,0,1766,172,315,185,0,672,2438
3,Carroll,Center Point,1804,1226,67.96 %,540,444,97,1,1082,34,56,51,0,141,1223,537,445,97,1,1080,36,56,51,0,143,1223,537,440,100,1,1078,33,57,46,0,136,1214
4,Carroll,Mt Zion,2710,1497,55.24 %,724,378,126,2,1230,92,85,88,0,265,1495,722,380,126,2,1230,93,83,90,0,266,1496,722,379,123,2,1226,85,79,89,0,253,1479
5,Carroll,Burwell,1584,919,58.02 %,458,209,86,1,754,49,61,53,1,164,918,456,212,84,1,753,51,58,56,1,166,919,456,212,82,1,751,48,58,54,1,161,912
6,Carroll,Clem,3731,2388,64.00 %,750,903,188,1,1842,130,248,162,0,540,2382,745,892,187,1,1825,137,258,163,0,558,2383,751,904,186,1,1842,129,238,158,0,525,2367
7,Carroll,Bowdon Junction,1577,852,54.03 %,326,262,67,0,655,56,76,65,0,197,852,324,262,66,0,652,58,76,66,0,200,852,323,264,67,0,654,57,71,64,0,192,846
8,Carroll,Tyus,1935,1240,64.08 %,670,322,89,0,1081,49,56,54,0,159,1240,668,321,89,0,1078,50,56,54,0,160,1238,668,323,87,0,1078,49,51,51,0,151,1229
9,Carroll,Fairfield,3924,2710,69.06 %,1063,713,214,1,1991,196,258,265,0,719,2710,1057,708,210,1,1976,201,263,268,0,732,2708,1064,711,206,1,1982,189,251,238,0,678,2660
10,Carroll,Hulett,2454,1557,63.45 %,669,496,108,0,1273,89,110,82,1,282,1555,666,493,110,0,1269,92,111,80,1,284,1553,664,488,107,0,1259,88,109,79,1,277,1536
11,Carroll,Bethany,4845,2271,46.87 %,522,637,141,3,1303,235,467,264,0,966,2269,519,630,135,3,1287,237,470,270,0,977,2264,526,629,136,3,1294,228,459,266,0,953,2247
12,Carroll,V R County South,2997,1686,56.26 %,521,619,166,0,1306,114,157,108,0,379,1685,520,619,164,0,1303,115,158,110,0,383,1686,521,622,168,0,1311,111,148,106,0,365,1676
13,Carroll,V R County North,5562,2841,51.08 %,866,783,219,3,1871,264,413,291,0,968,2839,863,782,215,3,1863,266,414,296,0,976,2839,869,792,209,3,1873,252,403,289,0,944,2817
14,Carroll,Villa Rica City,7367,3638,49.38 %,730,695,219,1,1645,614,809,565,3,1991,3636,725,686,214,1,1626,617,818,569,3,2007,3633,733,704,216,1,1654,603,784,557,2,1946,3600
15,Carroll,Temple County,4418,2237,50.63 %,863,737,180,0,1780,138,184,133,0,455,2235,862,735,177,0,1774,138,186,137,0,461,2235,871,730,179,0,1780,126,181,131,0,438,2218
16,Carroll,Temple City,3799,1950,51.33 %,724,390,103,0,1217,254,292,184,0,730,1947,720,387,97,0,1204,260,294,187,0,741,1945,724,391,106,0,1221,248,286,176,0,710,1931
17,Carroll,Whitesburg,2209,1288,58.31 %,648,352,85,2,1087,68,69,63,0,200,1287,648,351,83,2,1084,68,70,65,0,203,1287,643,350,86,2,1081,64,65,61,0,190,1271
18,Carroll,Roopville,3280,1992,60.73 %,888,669,149,2,1708,79,100,99,0,278,1986,887,663,145,2,1697,82,108,103,0,293,1990,889,660,142,2,1693,72,106,102,0,280,1973
19,Carroll,West Carrollton,4451,1849,41.54 %,204,335,86,2,627,368,548,301,1,1218,1845,201,332,85,2,620,371,551,303,1,1226,1846,209,347,85,2,643,359,528,298,1,1186,1829
20,Carroll,Lakeshore Rec Center,1701,941,55.32 %,173,267,86,0,526,83,229,102,0,414,940,169,267,85,0,521,87,228,103,0,418,939,178,271,82,0,531,75,220,101,0,396,927
21,Carroll,Bonner,3769,2149,57.02 %,384,724,123,0,1231,223,486,203,0,912,2143,385,718,118,0,1221,223,493,209,0,925,2146,388,746,116,0,1250,215,454,202,0,871,2121
22,Carroll,University of W GA,2174,1087,50.00 %,187,377,67,0,631,151,189,114,0,454,1085,182,372,66,0,620,155,194,114,0,463,1083,190,380,67,0,637,144,181,106,0,431,1068
23,Carroll,County Admin Bldg,2656,1547,58.25 %,284,502,105,0,891,125,348,176,1,650,1541,278,500,101,0,879,131,352,181,1,665,1544,286,506,101,0,893,124,336,172,1,633,1526
24,Carroll,Tabernacle Church,1640,991,60.43 %,179,313,131,0,623,92,159,113,0,364,987,175,313,130,0,618,96,161,115,0,372,990,184,316,136,0,636,86,155,106,0,347,983
25,Carroll,Burson Center,1483,870,58.66 %,192,293,59,1,545,64,162,97,1,324,869,191,292,58,1,542,65,162,98,1,326,868,198,297,57,1,553,58,157,94,1,310,863
26,Carroll,Old Camp Church,2342,1519,64.86 %,528,488,117,2,1135,94,183,106,1,384,1519,517,485,116,2,1120,104,186,106,1,397,1517,542,494,122,2,1160,79,172,100,1,352,1512
27,Carroll,Oak Grove,1681,1044,62.11 %,421,319,61,1,802,68,111,62,0,241,1043,417,312,60,1,790,72,118,63,0,253,1043,425,316,66,1,808,63,110,57,0,230,1038
0,Catoosa,Blackstock,2025,1147,56.64 %,500,371,93,0,964,47,73,61,0,181,1145,501,371,96,0,968,47,73,58,0,178,1146,499,371,90,0,960,45,70,59,0,174,1134
1,Catoosa,Boynton,6157,3912,63.54 %,1064,1655,334,0,3053,181,406,267,1,855,3908,1065,1655,333,0,3053,180,406,266,1,853,3906,1067,1666,339,0,3072,174,380,251,1,806,3878
2,Catoosa,Catoosa Keith,2679,1654,61.74 %,623,601,141,0,1365,58,127,100,0,285,1650,621,601,143,0,1365,60,128,98,0,286,1651,618,595,146,0,1359,59,127,89,0,275,1634
3,Catoosa,Chambers,2588,1846,71.33 %,604,775,147,1,1527,80,131,104,0,315,1842,606,772,151,1,1530,79,134,101,0,314,1844,606,770,156,1,1533,76,129,94,0,299,1832
4,Catoosa,Ft Oglethorpe,4160,2303,55.36 %,587,867,233,1,1688,149,255,209,0,613,2301,587,864,236,1,1688,149,258,204,0,611,2299,592,859,228,1,1680,139,245,208,0,592,2272
5,Catoosa,Graysville,4606,2644,57.40 %,825,1025,227,3,2080,150,215,194,0,559,2639,830,1030,226,3,2089,144,211,195,0,550,2639,828,1019,221,2,2070,137,204,188,0,529,2599
6,Catoosa,Lakeview,3650,1742,47.73 %,454,697,172,0,1323,110,179,127,0,416,1739,457,699,175,0,1331,107,176,125,0,408,1739,456,696,170,0,1322,102,171,123,0,396,1718
7,Catoosa,Poplar Springs,4273,2610,61.08 %,729,1143,223,0,2095,136,200,174,0,510,2605,733,1144,221,0,2098,132,200,176,0,508,2606,728,1142,222,0,2092,131,196,168,0,495,2587
8,Catoosa,Ringgold,7583,4705,62.05 %,1124,1958,455,3,3540,219,550,384,1,1154,4694,1132,1962,449,3,3546,213,548,390,2,1153,4699,1139,1981,452,3,3575,198,506,372,1,1077,4652
9,Catoosa,Westside,6050,3296,54.48 %,686,1504,312,2,2504,149,380,247,1,777,3281,685,1506,313,2,2506,150,382,246,1,779,3285,689,1492,311,2,2494,135,367,235,1,738,3232
10,Catoosa,Woodstation,2996,1966,65.62 %,775,714,127,2,1618,84,147,113,0,344,1962,775,714,127,2,1618,84,148,113,0,345,1963,773,717,127,2,1619,78,138,110,0,326,1945
0,Charlton,Folkston,0,1364,0.00 %,219,334,69,0,622,184,382,173,0,739,1361,216,334,67,0,617,185,378,176,0,739,1356,221,328,72,0,621,178,366,170,0,714,1335
1,Charlton,GA Bend,0,285,0.00 %,203,31,28,2,264,7,10,3,0,20,284,202,31,29,2,264,7,10,1,0,18,282,201,30,28,2,261,8,9,3,0,20,281
2,Charlton,St George,0,369,0.00 %,214,96,41,0,351,7,2,9,0,18,369,214,97,42,0,353,5,1,8,0,14,367,212,94,37,0,343,5,3,10,0,18,361
3,Charlton,American Legion,0,536,0.00 %,185,259,43,0,487,7,25,17,0,49,536,186,261,43,0,490,6,23,17,0,46,536,180,258,42,0,480,9,22,17,0,48,528
4,Charlton,Homeland,0,527,0.00 %,192,239,41,0,472,17,29,8,0,54,526,192,240,40,0,472,16,28,8,0,52,524,186,240,39,0,465,20,26,8,0,54,519
5,Charlton,Folkston Fire,0,460,0.00 %,140,225,39,0,404,9,30,17,0,56,460,141,226,39,0,406,8,29,16,0,53,459,139,226,37,0,402,9,28,17,0,54,456
6,Charlton,Racepond,0,201,0.00 %,93,71,17,0,181,7,7,6,0,20,201,93,71,17,0,181,7,7,6,0,20,201,97,68,16,0,181,3,7,6,0,16,197
7,Charlton,Winokur,0,174,0.00 %,98,46,20,0,164,2,3,5,0,10,174,98,46,20,0,164,2,3,5,0,10,174,98,44,19,0,161,2,3,6,0,11,172
0,Chatham,1-01C First Presbyterian Church,3236,2464,76.14 %,488,251,217,1,957,335,553,618,0,1506,2463,480,250,213,1,944,342,554,620,0,1516,2460,508,259,238,1,1006,309,536,581,0,1426,2432
1,Chatham,1-05C JEA Building,2168,1452,66.97 %,298,143,113,0,554,227,321,343,5,896,1450,302,140,112,0,554,222,324,345,5,896,1450,311,146,120,0,577,203,313,322,5,843,1420
2,Chatham,1-06C Central Church of Christ,2062,1506,73.04 %,444,213,195,1,853,168,189,295,0,652,1505,439,213,195,1,848,172,189,291,0,652,1500,460,212,200,1,873,143,188,272,0,603,1476
3,Chatham,1-08C Grace United Methodist Church,1701,1139,66.96 %,367,127,110,0,604,158,181,192,1,532,1136,359,126,113,0,598,166,181,190,1,538,1136,369,128,120,0,617,151,177,175,1,504,1121
4,Chatham,1-09C Immanuel Baptist Church,762,372,48.82 %,91,34,25,0,150,67,73,82,0,222,372,91,34,25,0,150,67,73,82,0,222,372,92,34,25,0,151,66,71,80,0,217,368
5,Chatham,1-10C St Thomas Episcopal Church,1113,896,80.50 %,408,117,109,0,634,88,58,114,1,261,895,398,115,108,0,621,98,61,115,1,275,896,404,121,115,0,640,89,54,105,1,249,889
6,Chatham,1-12C Isle of Hope Baptist,1941,1598,82.33 %,667,259,196,0,1122,140,143,189,1,473,1595,662,259,195,0,1116,145,142,190,0,477,1593,690,263,204,0,1157,110,131,169,0,410,1567
7,Chatham,1-13C The Sanctuary,1449,938,64.73 %,323,157,82,0,562,118,118,139,0,375,937,324,156,80,0,560,116,119,141,0,376,936,327,155,85,0,567,111,113,127,0,351,918
8,Chatham,1-14C Compassion Christian Church,1751,1188,67.85 %,332,249,164,1,746,96,136,207,1,440,1186,331,249,163,1,744,99,136,207,1,443,1187,330,245,167,1,743,96,135,196,1,428,1171
9,Chatham,1-16C Ferguson Ave Baptist,2947,1984,67.32 %,847,374,218,0,1439,161,160,222,1,544,1983,846,373,218,0,1437,158,161,222,1,542,1979,850,378,217,0,1445,147,153,210,1,511,1956
10,Chatham,1-17C Islands Christian Church,3210,2419,75.36 %,664,661,329,0,1654,145,217,397,1,760,2414,654,657,329,0,1640,157,220,398,1,776,2416,677,656,339,0,1672,128,213,364,1,706,2378
11,Chatham,2-02C Blackshear Community Center,1804,852,47.23 %,61,47,52,0,160,233,218,237,1,689,849,59,47,50,0,156,237,218,239,1,695,851,59,51,54,0,164,233,211,228,1,673,837
12,Chatham,2-03C W W Law Center,1659,801,48.28 %,68,33,18,0,119,248,209,221,2,680,799,68,32,19,0,119,250,210,218,2,680,799,63,37,22,0,122,251,202,211,2,666,788
13,Chatham,2-04C Fellowship of Love Church,3302,1705,51.64 %,54,35,24,0,113,517,482,580,4,1583,1696,50,36,25,0,111,524,481,582,4,1591,1702,55,37,27,0,119,511,472,570,4,1557,1676
14,Chatham,2-05C Holy Spirit Lutheran Church,2141,1208,56.42 %,70,24,24,0,118,357,392,339,0,1088,1206,69,23,23,0,115,358,394,341,0,1093,1208,70,25,27,0,122,353,389,331,0,1073,1195
15,Chatham,2-06C Eli Whitney Complex,800,364,45.50 %,37,13,2,0,52,140,78,92,2,312,364,37,14,2,0,53,140,77,92,2,311,364,35,17,2,0,54,141,73,84,2,300,354
16,Chatham,2-07C Christ Community Church,2870,1482,51.64 %,92,68,41,0,201,407,452,412,4,1275,1476,94,67,44,0,205,406,453,410,4,1273,1478,92,70,41,0,203,399,445,405,4,1253,1456
17,Chatham,2-09C Salvation Army,3426,1897,55.37 %,144,48,45,0,237,472,541,638,5,1656,1893,141,49,39,0,229,475,541,641,5,1662,1891,144,53,44,1,242,466,533,627,4,1630,1872
18,Chatham,2-11C Stillwell Towers,1953,908,46.49 %,63,48,28,0,139,307,228,231,1,767,906,61,49,26,0,136,310,226,232,1,769,905,59,50,27,0,136,310,220,228,1,759,895
19,Chatham,2-12C Williams Court Apts,1739,878,50.49 %,69,26,11,2,108,222,276,263,5,766,874,69,24,9,2,104,223,276,267,5,771,875,70,29,12,2,113,216,269,255,5,745,858
20,Chatham,3-01C Old Courthouse,480,290,60.42 %,63,27,31,1,122,36,63,69,0,168,290,62,28,31,1,122,36,62,69,0,167,289,63,30,30,0,123,35,60,67,1,163,286
21,Chatham,3-02C Temple Mickve Israel,1640,1077,65.67 %,161,151,99,0,411,124,241,297,1,663,1074,163,152,97,0,412,122,242,299,1,664,1076,168,164,106,0,438,114,228,276,0,618,1056
22,Chatham,3-03C Savannah High School,1241,549,44.24 %,30,18,13,0,61,222,146,119,1,488,549,30,17,13,0,60,222,147,118,1,488,548,30,14,12,0,56,220,147,118,1,486,542
23,Chatham,3-04C First African Baptist Church,1590,811,51.01 %,25,9,9,0,43,333,211,224,0,768,811,27,10,9,0,46,329,210,224,0,763,809,27,11,10,0,48,326,206,214,0,746,794
24,Chatham,3-05C Aldersgate Youth Center,2178,1100,50.51 %,133,80,40,0,253,306,270,266,4,846,1099,130,80,43,0,253,310,270,263,4,847,1100,137,76,44,0,257,299,266,260,4,829,1086
25,Chatham,3-08C Jenkins High School,1228,728,59.28 %,94,63,45,0,202,170,156,198,1,525,727,92,63,46,0,201,171,156,197,1,525,726,94,65,42,0,201,167,151,190,1,509,710
26,Chatham,3-09C Cokesbury Methodist,675,510,75.56 %,188,44,52,0,284,83,58,84,0,225,509,187,44,52,0,283,83,58,84,0,225,508,187,45,53,0,285,82,56,81,0,219,504
27,Chatham,3-10C Bible Baptist Church,2735,1474,53.89 %,105,43,34,0,182,434,405,445,3,1287,1469,103,42,35,0,180,435,407,443,3,1288,1468,108,42,38,0,188,429,401,430,2,1262,1450
28,Chatham,3-11C Southside Baptist Church,1510,807,53.44 %,78,34,30,0,142,254,216,192,2,664,806,77,35,30,0,142,255,216,192,2,665,807,78,34,31,0,143,253,215,186,1,655,798
29,Chatham,3-12C Thunderbolt Muni Complex,1722,1082,62.83 %,310,100,72,1,483,202,160,234,1,597,1080,305,100,73,1,479,208,160,234,1,603,1082,311,97,79,1,488,198,159,225,1,583,1071
30,Chatham,3-13C New Cov 7 Day Adv Ch,2317,1164,50.24 %,233,155,104,0,492,179,245,246,1,671,1163,236,152,103,0,491,176,248,246,1,671,1162,231,156,111,0,498,178,243,229,1,651,1149
31,Chatham,3-14C Oglethorpe Charter Academy,2413,1435,59.47 %,124,110,76,0,310,288,429,405,2,1124,1434,124,112,74,1,311,287,427,407,1,1122,1433,125,116,72,0,313,282,420,400,2,1104,1417
32,Chatham,3-15C Eli Whitney Complex,835,611,73.17 %,97,105,79,0,281,90,102,136,1,329,610,98,104,80,0,282,89,103,136,1,329,611,100,108,76,0,284,86,98,133,1,318,602
33,Chatham,4-02C Frank Murray Comm Center,2532,1559,61.57 %,466,357,132,1,956,144,198,260,0,602,1558,468,357,132,1,958,142,198,260,0,600,1558,462,364,137,1,964,144,187,244,0,575,1539
34,Chatham,4-04C Lighthouse Baptist Church,2507,1761,70.24 %,638,363,176,0,1177,130,151,301,1,583,1760,636,364,179,0,1179,131,149,296,1,577,1756,643,362,186,0,1191,119,147,279,1,546,1737
35,Chatham,4-05C St Francis Episcopal Church,2298,1636,71.19 %,596,315,169,0,1080,173,125,258,0,556,1636,592,316,170,0,1078,176,123,257,0,556,1634,605,316,172,0,1093,155,116,240,0,511,1604
36,Chatham,4-06C First Baptist of the Island,2286,1649,72.13 %,599,392,164,0,1155,134,139,220,0,493,1648,593,390,167,0,1150,140,141,218,0,499,1649,611,398,166,0,1175,118,128,207,0,453,1628
37,Chatham,4-07C Wilmington Island UMC,3434,2285,66.54 %,713,496,242,1,1452,163,261,404,0,828,2280,714,495,243,1,1453,163,264,402,0,829,2282,719,510,255,1,1485,153,240,379,0,772,2257
38,Chatham,4-08C Wilmington Island Pres Church,2720,2090,76.84 %,798,426,272,2,1498,147,152,290,0,589,2087,788,422,269,2,1481,156,156,291,0,603,2084,804,433,275,2,1514,135,143,279,0,557,2071
39,Chatham,4-10C Guard House Comm Ctr,1531,1077,70.35 %,381,150,100,0,631,146,126,171,2,445,1076,381,148,100,0,629,146,128,170,2,446,1075,384,149,105,0,638,135,120,163,2,420,1058
40,Chatham,4-11C Tybee Island School Cafe,1712,1211,70.74 %,503,125,105,0,733,193,113,169,2,477,1210,500,122,101,0,723,196,115,173,2,486,1209,512,125,114,0,751,174,112,150,2,438,1189
41,Chatham,4-12C St Peters Episcopal,2322,1940,83.55 %,796,254,341,0,1391,136,112,299,0,547,1938,787,251,335,0,1373,146,115,305,0,566,1939,807,258,332,0,1397,121,105,282,0,508,1905
42,Chatham,4-13C Skidaway Island Pres Church,2536,2124,83.75 %,695,352,438,1,1486,114,161,361,1,637,2123,692,349,429,1,1471,116,163,368,1,648,2119,698,352,436,1,1487,102,156,327,1,586,2073
43,Chatham,4-14C Skidaway Island Baptist,1759,1483,84.31 %,503,223,274,0,1000,71,111,299,0,481,1481,498,222,270,0,990,76,113,301,0,490,1480,506,221,275,0,1002,60,108,270,0,438,1440
44,Chatham,4-15C Skidaway Island State Park,1890,1561,82.59 %,423,263,360,1,1047,66,105,341,0,512,1559,422,259,357,1,1039,66,106,343,0,515,1554,428,264,363,1,1056,56,101,310,0,467,1523
45,Chatham,5-01C Bartlett Middle School,1096,588,53.65 %,68,41,28,0,137,166,148,136,0,450,587,70,41,29,0,140,164,149,135,0,448,588,75,44,31,0,150,156,144,130,0,430,580
46,Chatham,5-02C Senior Citizens Center,818,375,45.84 %,25,7,7,0,39,126,91,116,1,334,373,22,7,6,0,35,131,90,117,1,339,374,22,7,7,0,36,129,90,114,1,334,370
47,Chatham,5-03C Butler Presbyterian Church,1136,529,46.57 %,12,6,3,0,21,211,117,174,4,506,527,10,6,3,0,19,213,117,175,4,509,528,12,5,3,0,20,209,116,170,4,499,519
48,Chatham,5-05C Liberty City Comm Ctr,2624,1542,58.77 %,16,9,7,0,32,466,488,548,1,1503,1535,15,11,5,0,31,466,489,550,1,1506,1537,12,7,9,0,28,462,488,543,1,1494,1522
49,Chatham,5-06C Seed Church,2726,1132,41.53 %,85,41,26,0,152,314,350,311,1,976,1128,82,41,26,0,149,317,351,311,1,980,1129,86,42,19,0,147,310,345,310,1,966,1113
50,Chatham,5-07C Station 1,1930,925,47.93 %,118,60,44,1,223,237,257,205,2,701,924,115,60,44,1,220,240,257,206,2,705,925,119,61,48,1,229,235,254,199,2,690,919
51,Chatham,5-08C Savannah Primitive BC,1904,1027,53.94 %,129,80,62,0,271,242,261,252,1,756,1027,129,80,64,0,273,241,261,250,1,753,1026,132,82,61,0,275,236,258,246,1,741,1016
52,Chatham,5-10C Tatumville Community Center,3612,1872,51.83 %,30,20,12,1,63,643,529,629,0,1801,1864,30,22,12,1,65,647,528,632,0,1807,1872,29,25,17,1,72,641,514,619,0,1774,1846
53,Chatham,5-11C Largo-Tibet Elementary,3131,1539,49.15 %,110,93,138,0,341,355,428,412,1,1196,1537,111,90,138,0,339,353,432,411,1,1197,1536,109,94,138,0,341,352,423,395,1,1171,1512
54,Chatham,6-01C White Bluff Presbyterian,1996,1046,52.40 %,193,90,62,0,345,215,275,208,1,699,1044,190,88,63,0,341,218,277,206,1,702,1043,193,91,64,0,348,212,273,198,1,684,1032
55,Chatham,6-02C Windsor Forest Baptist,2320,1712,73.79 %,547,266,166,0,979,193,246,290,2,731,1710,546,265,164,0,975,193,246,292,2,733,1708,554,274,176,0,1004,179,234,272,2,687,1691
56,Chatham,6-03C Crusader Comm Center,2771,1808,65.25 %,326,256,144,1,727,268,400,410,1,1079,1806,323,252,141,1,717,272,404,410,1,1087,1804,327,255,147,1,730,265,398,396,1,1060,1790
57,Chatham,6-05C Windsor Hall,2072,1117,53.91 %,158,139,72,0,369,239,256,252,0,747,1116,157,141,74,0,372,239,255,250,0,744,1116,158,141,72,0,371,236,252,244,0,732,1103
58,Chatham,6-06C The Light Church,1589,842,52.99 %,196,126,77,0,399,134,154,152,0,440,839,195,125,77,0,397,137,155,152,0,444,841,192,128,84,0,404,134,148,139,0,421,825
59,Chatham,6-08C Christ Memorial Baptist Church,2246,1123,50.00 %,108,103,73,0,284,247,315,270,4,836,1120,108,102,67,0,277,249,316,274,4,843,1120,115,103,70,0,288,235,312,267,4,818,1106
60,Chatham,6-09C Trinity Lutheran Church,3415,2040,59.74 %,368,310,211,2,891,319,398,424,1,1142,2033,369,312,215,2,898,322,397,420,1,1140,2038,379,312,214,2,907,306,390,408,1,1105,2012
61,Chatham,6-10C Station 3,4265,2706,63.45 %,539,474,241,0,1254,312,570,561,3,1446,2700,542,471,236,0,1249,309,574,566,3,1452,2701,544,491,241,0,1276,299,549,549,3,1400,2676
62,Chatham,6-11C Bamboo Farms,5338,2692,50.43 %,343,278,132,2,755,484,832,613,6,1935,2690,348,272,129,2,751,479,838,616,6,1939,2690,351,280,141,3,775,473,820,597,5,1895,2670
63,Chatham,7-01C Garden City Senior Ctr,1590,846,53.21 %,236,127,84,0,447,132,122,142,1,397,844,240,127,81,0,448,128,122,143,1,394,842,235,127,85,0,447,127,121,141,1,390,837
64,Chatham,7-03C PB Edwards Gym,1308,678,51.83 %,311,77,63,1,452,98,50,77,1,226,678,313,78,62,1,454,96,49,78,1,224,678,311,78,61,0,450,92,49,69,2,212,662
65,Chatham,7-04C Lake Shore Comm Ctr,3150,1659,52.67 %,202,75,40,1,318,469,547,324,1,1341,1659,200,75,40,1,316,471,547,324,1,1343,1659,208,76,40,1,325,461,544,322,1,1328,1653
66,Chatham,7-05C Woodlawn Baptist Church,1378,627,45.50 %,130,94,28,0,252,153,114,106,0,373,625,130,93,27,0,250,153,115,108,0,376,626,131,94,30,0,255,152,113,104,0,369,624
67,Chatham,7-06C Pooler City Hall,3669,1849,50.40 %,361,347,159,0,867,255,347,376,1,979,1846,360,346,163,0,869,256,348,369,1,974,1843,369,341,161,0,871,243,347,363,1,954,1825
68,Chatham,7-07C Rothwell Baptist Church,4054,2353,58.04 %,515,597,295,2,1409,208,324,410,1,943,2352,513,600,292,2,1407,207,322,411,1,941,2348,527,593,303,2,1425,191,319,389,1,900,2325
69,Chatham,7-08C Bloomingdale Comm Ctr,2835,1563,55.13 %,698,337,147,3,1185,130,102,143,0,375,1560,698,337,154,3,1192,130,102,135,0,367,1559,700,334,149,2,1185,124,100,138,0,362,1547
70,Chatham,7-09C Savannah Holy C of G,2908,1486,51.10 %,272,225,114,3,614,233,293,339,4,869,1483,272,224,115,2,613,234,294,340,5,873,1486,276,227,116,3,622,229,288,336,4,857,1479
71,Chatham,7-10C Progressive Rec Center,4406,2241,50.86 %,304,287,138,1,730,377,614,513,5,1509,2239,307,285,135,1,728,373,616,517,5,1511,2239,311,291,141,1,744,365,606,501,4,1476,2220
72,Chatham,7-11C Seventh Day Adv Church,6735,3288,48.82 %,554,341,184,3,1082,548,862,791,3,2204,3286,550,341,180,3,1074,552,862,794,3,2211,3285,565,345,197,2,1109,534,850,764,3,2151,3260
73,Chatham,7-12C Pooler Church,3456,2055,59.46 %,306,320,158,0,784,271,544,450,4,1269,2053,306,317,154,0,777,271,547,456,4,1278,2055,313,326,156,0,795,259,536,447,4,1246,2041
74,Chatham,7-13C Southside Fire Trng Ctr,2568,2001,77.92 %,392,591,285,2,1270,87,259,381,1,728,1998,391,588,287,2,1268,88,262,379,1,730,1998,390,593,287,1,1271,85,254,364,1,704,1975
75,Chatham,7-14C Coastal Cathedral,7768,4499,57.92 %,553,488,342,1,1384,672,1296,1140,2,3110,4494,548,494,338,1,1381,679,1289,1145,2,3115,4496,558,506,360,1,1425,661,1269,1096,1,3027,4452
76,Chatham,7-15C Rice Creek School,2680,1368,51.04 %,282,115,56,0,453,325,330,258,1,914,1367,286,115,55,0,456,322,330,258,1,911,1367,285,115,53,0,453,320,327,253,1,901,1354
77,Chatham,7-16C Pooler Recreation Center Gymnasium,3829,2351,61.40 %,419,541,327,0,1287,174,437,452,1,1064,2351,419,538,322,0,1279,172,440,457,1,1070,2349,422,551,345,0,1318,168,420,423,1,1012,2330
78,Chatham,8-01C Civic Center,923,294,31.85 %,24,16,9,1,50,82,80,78,3,243,293,21,17,9,1,48,85,80,78,3,246,294,20,18,11,1,50,82,78,76,3,239,289
79,Chatham,8-02C Hellenic Center,1792,953,53.18 %,78,61,30,0,169,248,304,226,3,781,950,77,58,32,0,167,250,308,225,3,786,953,76,64,32,0,172,249,296,214,3,762,934
80,Chatham,8-03C Silk Hope Baptist Church,856,418,48.83 %,167,62,32,0,261,62,40,55,0,157,418,169,62,31,0,262,59,40,56,0,155,417,170,62,36,0,268,58,40,51,0,149,417
81,Chatham,8-05C W Broad St YMCA,1618,626,38.69 %,7,4,2,0,13,249,179,178,4,610,623,5,5,2,0,12,254,178,177,4,613,625,5,5,5,0,15,252,177,168,4,601,616
82,Chatham,8-06C Tompkins Rec Center,1103,503,45.60 %,8,0,1,0,9,200,128,160,0,488,497,8,1,1,0,10,201,130,161,0,492,502,10,1,2,0,13,195,128,158,0,481,494
83,Chatham,8-07C Woodville-Tompkins TI,647,314,48.53 %,9,2,2,0,13,139,82,80,0,301,314,9,2,2,0,13,139,82,79,0,300,313,9,3,2,0,14,137,80,77,0,294,308
84,Chatham,8-08C Resur of Our Lord Church,1756,848,48.29 %,14,6,2,0,22,347,222,253,0,822,844,10,6,2,0,18,351,224,254,0,829,847,17,4,2,0,23,339,223,251,0,813,836
85,Chatham,8-09C Moses Jackson Center,1415,644,45.51 %,6,2,3,0,11,275,157,198,1,631,642,7,3,4,0,14,274,156,199,1,630,644,8,4,5,0,17,269,152,191,1,613,630
86,Chatham,8-10C Carver Heights Comm Ctr,1819,919,50.52 %,5,3,0,0,8,348,233,326,2,909,917,6,2,0,0,8,347,234,327,2,910,918,5,3,2,0,10,345,233,319,2,899,909
87,Chatham,8-11C Butler Elementary,1394,895,64.20 %,5,2,5,1,13,296,270,309,0,875,888,5,1,1,1,8,297,271,315,0,883,891,8,1,3,1,13,292,268,311,0,871,884
88,Chatham,8-12C Beach High School,1380,578,41.88 %,32,36,8,0,76,179,169,147,3,498,574,34,35,10,0,79,179,169,145,3,496,575,39,41,10,0,90,173,164,142,3,482,572
89,Chatham,8-13C Savannah Christian,1051,338,32.16 %,126,52,45,0,223,35,35,45,0,115,338,124,52,45,0,221,37,35,45,0,117,338,124,52,44,0,220,37,34,46,0,117,337
90,Chatham,8-15C Garden City Rec Center,1667,758,45.47 %,31,8,18,0,57,251,223,227,0,701,758,28,8,18,0,54,254,223,227,0,704,758,34,9,20,0,63,248,220,224,0,692,755
91,Chatham,8-16C Royal Cinemas and IMAX,3158,1824,57.76 %,300,331,171,0,802,212,372,432,1,1017,1819,303,331,173,0,807,208,374,430,1,1013,1820,295,332,173,0,800,217,366,423,1,1007,1807
0,Chattahoochee,Activity Center,4102,1325,32.30 %,329,318,69,0,716,160,307,138,1,606,1322,331,319,70,0,720,156,307,137,1,601,1321,322,316,68,0,706,160,288,129,1,578,1284
0,Cherokee,Air Acres,3077,2129,69.19 %,698,404,271,0,1373,210,234,311,0,755,2128,696,403,260,0,1359,212,235,322,0,769,2128,713,408,270,0,1391,191,222,295,0,708,2099
1,Cherokee,Arnold Mill,4963,3534,71.21 %,1174,898,499,0,2571,243,265,450,0,958,3529,1168,894,493,0,2555,247,268,456,0,971,3526,1172,909,508,0,2589,236,249,426,0,911,3500
2,Cherokee,Avery,3660,2723,74.40 %,947,867,390,2,2206,132,156,227,0,515,2721,937,863,379,2,2181,142,160,238,0,540,2721,949,872,394,2,2217,127,149,213,0,489,2706
3,Cherokee,Ball Ground,4133,2685,64.96 %,1298,673,245,1,2217,166,116,183,0,465,2682,1296,672,240,1,2209,168,117,187,0,472,2681,1311,673,251,1,2236,143,108,171,0,422,2658
4,Cherokee,Bascomb,4149,2861,68.96 %,1059,580,327,0,1966,269,220,403,0,892,2858,1043,577,322,0,1942,283,223,409,0,915,2857,1064,587,328,0,1979,254,211,385,0,850,2829
5,Cherokee,Bells,5990,3640,60.77 %,1014,577,396,0,1987,440,537,673,0,1650,3637,1007,570,385,0,1962,446,545,681,0,1672,3634,1032,583,401,0,2016,413,523,648,0,1584,3600
6,Cherokee,Booth,3930,2805,71.37 %,806,725,405,0,1936,200,262,405,0,867,2803,796,712,396,0,1904,210,274,412,0,896,2800,815,729,408,0,1952,183,251,387,0,821,2773
7,Cherokee,Bradshaw,4556,3391,74.43 %,1019,1024,483,1,2527,188,276,395,1,860,3387,1007,1016,477,1,2501,199,285,400,1,885,3386,1020,1034,493,1,2548,180,258,362,1,801,3349
8,Cherokee,Bridgemill,5168,3640,70.43 %,1043,1173,469,0,2685,190,325,437,1,953,3638,1029,1169,460,0,2658,202,331,445,1,979,3637,1051,1191,468,0,2710,170,303,411,0,884,3594
9,Cherokee,Canton,8411,5191,61.72 %,955,1639,882,1,3477,331,530,844,2,1707,5184,945,1635,876,1,3457,344,535,846,2,1727,5184,970,1645,890,1,3506,308,500,762,2,1572,5078
10,Cherokee,Carmel,4704,2644,56.21 %,746,416,347,1,1510,370,291,466,2,1129,2639,739,418,338,1,1496,376,290,473,1,1140,2636,754,422,349,1,1526,354,284,447,1,1086,2612
11,Cherokee,Clayton,5043,3299,65.42 %,1171,957,438,0,2566,174,206,349,0,729,3295,1168,946,431,0,2545,177,218,356,0,751,3296,1180,954,435,0,2569,158,200,338,0,696,3265
12,Cherokee,Conns Creek,922,616,66.81 %,392,126,43,1,562,27,6,21,0,54,616,390,125,42,1,558,26,7,22,0,55,613,389,125,42,1,557,24,5,21,0,50,607
13,Cherokee,Deer Run,3065,2114,68.97 %,796,377,208,0,1381,238,189,305,0,732,2113,781,373,203,0,1357,254,192,310,0,756,2113,797,382,212,0,1391,223,182,288,0,693,2084
14,Cherokee,Dixie,5804,3414,58.82 %,929,651,414,1,1995,400,432,585,0,1417,3412,922,645,405,1,1973,409,437,590,0,1436,3409,936,665,424,1,2026,385,413,555,0,1353,3379
15,Cherokee,Freehome,5889,4184,71.05 %,1365,1315,634,1,3315,160,295,413,0,868,4183,1354,1307,625,1,3287,171,303,421,0,895,4182,1374,1327,644,1,3346,147,272,379,0,798,4144
16,Cherokee,Hickory Flat,7502,5048,67.29 %,1458,1436,602,4,3500,344,532,670,1,1547,5047,1455,1430,589,4,3478,346,538,683,1,1568,5046,1481,1443,606,5,3535,313,506,640,0,1459,4994
17,Cherokee,Hightower,3534,2373,67.15 %,859,838,310,1,2008,97,99,166,0,362,2370,854,837,310,1,2002,102,100,166,0,368,2370,855,830,310,1,1996,95,93,158,0,346,2342
18,Cherokee,Hillside,3189,2378,74.57 %,822,564,329,1,1716,170,171,318,0,659,2375,810,559,330,1,1700,180,176,319,0,675,2375,823,568,329,1,1721,159,161,305,0,625,2346
19,Cherokee,Holly Springs,3359,1848,55.02 %,623,478,222,0,1323,165,177,183,0,525,1848,614,478,222,0,1314,174,177,183,0,534,1848,626,481,227,0,1334,156,172,170,0,498,1832
20,Cherokee,Kellogg,5575,3204,57.47 %,1089,629,354,1,2073,402,316,406,2,1126,3199,1083,630,346,1,2060,410,315,413,2,1140,3200,1095,633,352,1,2081,382,304,382,1,1069,3150
21,Cherokee,Liberty,8490,5036,59.32 %,1356,1400,562,1,3319,418,618,680,0,1716,5035,1342,1389,561,1,3293,431,629,679,0,1739,5032,1356,1395,571,1,3323,403,597,647,0,1647,4970
22,Cherokee,Little River,7568,5249,69.36 %,1081,1238,938,0,3257,346,582,1058,0,1986,5243,1070,1233,911,0,3214,358,585,1084,0,2027,5241,1087,1233,939,0,3259,326,572,1012,0,1910,5169
23,Cherokee,Macedonia,4926,3679,74.69 %,1212,1191,490,0,2893,169,271,344,1,785,3678,1197,1192,484,0,2873,182,269,348,1,800,3673,1225,1187,494,0,2906,148,264,319,1,732,3638
24,Cherokee,Mountain Road,3112,2231,71.69 %,866,471,291,1,1629,182,173,245,0,600,2229,856,468,292,1,1617,190,177,245,0,612,2229,886,477,292,1,1656,152,165,228,0,545,2201
25,Cherokee,Neese,7764,4882,62.88 %,1176,1108,638,3,2925,471,602,877,1,1951,4876,1154,1107,629,3,2893,492,603,885,1,1981,4874,1178,1114,649,3,2944,455,587,831,1,1874,4818
26,Cherokee,Oak Grove,3793,2347,61.88 %,927,448,277,1,1653,219,162,312,0,693,2346,924,449,275,1,1649,222,160,313,0,695,2344,930,452,280,1,1663,208,157,296,0,661,2324
27,Cherokee,R M Moore,3522,2297,65.22 %,966,734,313,1,2014,72,88,121,0,281,2295,961,737,311,1,2010,78,86,122,0,286,2296,961,725,310,1,1997,63,82,116,0,261,2258
28,Cherokee,R T Jones,2559,1351,52.79 %,315,436,139,1,891,128,165,162,0,455,1346,310,433,135,1,879,133,167,167,0,467,1346,323,438,140,1,902,120,159,155,0,434,1336
29,Cherokee,Rosecreek,3775,2658,70.41 %,959,620,283,0,1862,250,219,324,0,793,2655,943,617,276,0,1836,266,222,332,0,820,2656,970,624,283,0,1877,231,210,306,0,747,2624
30,Cherokee,Salacoa,747,489,65.46 %,303,68,48,0,419,31,9,29,0,69,488,306,68,47,0,421,29,9,30,0,68,489,299,68,49,0,416,28,8,28,0,64,480
31,Cherokee,Sixes,3154,2226,70.58 %,685,623,324,1,1633,141,178,272,0,591,2224,677,625,319,1,1622,147,177,276,0,600,2222,693,627,332,1,1653,128,170,249,0,547,2200
32,Cherokee,Sutallee,2558,1882,73.57 %,907,477,194,1,1579,120,97,84,0,301,1880,908,478,193,1,1580,121,95,85,0,301,1881,917,475,188,1,1581,99,91,86,0,276,1857
33,Cherokee,Teasley,8118,5376,66.22 %,1704,1637,558,3,3902,428,487,552,1,1468,5370,1682,1628,549,3,3862,451,496,560,1,1508,5370,1728,1656,566,3,3953,389,455,520,1,1365,5318
34,Cherokee,Toonigh,6734,4467,66.34 %,1350,1173,543,0,3066,363,451,580,1,1395,4461,1347,1166,535,1,3049,369,458,588,0,1415,4464,1355,1181,531,1,3068,345,431,561,0,1337,4405
35,Cherokee,Union Hill,4289,3241,75.57 %,1347,891,392,1,2631,150,181,276,0,607,3238,1332,886,381,1,2600,166,186,288,0,640,3240,1349,895,396,1,2641,135,169,259,0,563,3204
36,Cherokee,Univeter,5545,3653,65.88 %,1040,1361,476,1,2878,163,296,315,0,774,3652,1029,1351,470,1,2851,173,305,320,0,798,3649,1048,1361,473,1,2883,148,282,295,0,725,3608
37,Cherokee,Victoria,3205,2054,64.09 %,870,378,251,2,1501,215,146,186,1,548,2049,867,377,243,2,1489,220,147,195,1,563,2052,886,380,247,2,1515,198,143,177,1,519,2034
38,Cherokee,Waleska,2929,2121,72.41 %,717,607,325,2,1651,95,121,253,0,469,2120,711,606,320,2,1639,100,123,256,0,479,2118,720,606,326,2,1654,81,116,235,0,432,2086
39,Cherokee,Wildcat,3264,2094,64.15 %,798,559,216,1,1574,156,172,191,0,519,2093,791,554,210,1,1556,163,177,198,0,538,2094,791,564,218,1,1574,154,165,187,0,506,2080
40,Cherokee,Woodlands,3495,2411,68.98 %,840,349,241,1,1431,404,219,355,0,978,2409,830,348,234,1,1413,413,221,361,0,995,2408,858,350,254,1,1463,376,215,325,0,916,2379
41,Cherokee,Woodstock,7509,4527,60.29 %,1088,996,590,0,2674,497,644,706,0,1847,4521,1071,991,574,0,2636,513,650,723,0,1886,4522,1107,1010,601,0,2718,464,622,666,0,1752,4470
0,Clarke,1A,3089,1743,56.43 %,297,187,154,1,639,304,387,406,2,1099,1738,293,184,147,1,625,308,391,413,2,1114,1739,305,192,154,1,652,291,379,393,2,1065,1717
1,Clarke,1B,3716,2331,62.73 %,211,346,187,1,745,224,697,658,2,1581,2326,212,344,182,1,739,223,700,664,2,1589,2328,218,353,192,1,764,212,683,633,2,1530,2294
2,Clarke,1C,2290,1691,73.84 %,241,180,120,0,541,211,416,521,2,1150,1691,238,172,121,0,531,211,423,520,2,1156,1687,241,181,126,0,548,204,413,506,2,1125,1673
3,Clarke,1D,2868,2234,77.89 %,278,324,225,2,829,210,548,645,0,1403,2232,266,315,222,2,805,222,557,649,0,1428,2233,275,330,250,2,857,208,534,612,0,1354,2211
4,Clarke,2A,4408,2084,47.28 %,144,119,96,0,359,499,644,575,3,1721,2080,137,116,95,0,348,505,650,575,3,1733,2081,151,115,102,0,368,483,644,562,3,1692,2060
5,Clarke,2B,5292,2391,45.18 %,106,77,36,0,219,508,1015,637,5,2165,2384,103,76,36,0,215,510,1019,639,5,2173,2388,116,83,40,0,239,492,986,618,5,2101,2340
6,Clarke,3A,2977,1318,44.27 %,52,49,25,0,126,307,502,380,0,1189,1315,47,48,26,0,121,311,501,379,0,1191,1312,49,51,28,0,128,303,491,370,0,1164,1292
7,Clarke,3B,4169,1947,46.70 %,135,144,73,0,352,319,770,497,4,1590,1942,126,138,66,0,330,329,777,505,4,1615,1945,130,149,73,0,352,319,760,483,4,1566,1918
8,Clarke,4A,2373,1091,45.98 %,103,105,43,1,252,208,335,294,2,839,1091,99,105,43,1,248,212,335,294,2,843,1091,106,107,49,1,263,203,327,283,2,815,1078
9,Clarke,4B,4179,2367,56.64 %,291,293,106,2,692,398,686,587,2,1673,2365,282,284,105,2,673,406,694,588,2,1690,2363,304,310,114,0,728,380,663,556,3,1602,2330
10,Clarke,5A,3048,2182,71.59 %,224,255,165,0,644,282,730,520,1,1533,2177,214,253,162,0,629,292,730,525,1,1548,2177,223,261,167,0,651,275,717,505,1,1498,2149
11,Clarke,5B,3079,1992,64.70 %,206,208,144,0,558,325,556,548,2,1431,1989,202,209,141,0,552,329,555,551,2,1437,1989,210,204,150,0,564,316,553,530,2,1401,1965
12,Clarke,5C,2094,1555,74.26 %,72,61,41,0,174,256,694,427,1,1378,1552,71,56,41,0,168,254,700,427,1,1382,1550,71,70,44,0,185,252,683,412,1,1348,1533
13,Clarke,5D,3126,1674,53.55 %,147,146,83,0,376,373,535,385,2,1295,1671,146,145,81,0,372,375,535,387,2,1299,1671,150,152,83,0,385,367,530,378,1,1276,1661
14,Clarke,6A,3873,2459,63.49 %,385,444,279,1,1109,263,541,543,1,1348,2457,384,436,271,1,1092,264,550,549,1,1364,2456,387,453,290,1,1131,254,523,520,1,1298,2429
15,Clarke,6B,3935,2462,62.57 %,258,352,235,1,846,306,606,701,1,1614,2460,251,348,229,0,828,312,610,708,1,1631,2459,260,367,259,1,887,299,586,664,1,1550,2437
16,Clarke,6C,3206,2054,64.07 %,291,347,206,0,844,261,463,486,0,1210,2054,290,334,206,0,830,261,474,485,0,1220,2050,295,347,225,0,867,252,455,452,0,1159,2026
17,Clarke,6D,1725,1205,69.86 %,134,96,59,1,290,194,369,350,0,913,1203,129,95,59,1,284,199,369,351,0,919,1203,139,96,71,1,307,183,364,332,0,879,1186
18,Clarke,7A,3015,1965,65.17 %,248,294,199,0,741,248,455,519,2,1224,1965,234,287,196,0,717,259,462,522,2,1245,1962,256,307,207,0,770,236,441,499,2,1178,1948
19,Clarke,7B,3229,2015,62.40 %,215,354,204,1,774,204,501,531,2,1238,2012,208,348,196,1,753,212,504,536,2,1254,2007,212,360,226,1,799,203,486,489,2,1180,1979
20,Clarke,7C,2759,1881,68.18 %,254,264,167,1,686,262,479,452,1,1194,1880,246,251,165,1,663,270,491,452,1,1214,1877,271,273,175,1,720,231,466,436,1,1134,1854
21,Clarke,8A,3372,1983,58.81 %,158,220,150,1,529,282,576,592,1,1451,1980,155,224,146,1,526,285,573,596,1,1455,1981,167,228,160,1,556,271,567,574,1,1413,1969
22,Clarke,8B,2354,1405,59.69 %,136,135,120,0,391,210,380,421,1,1012,1403,132,132,117,0,381,213,383,424,1,1021,1402,144,134,124,0,402,196,377,406,1,980,1382
23,Clarke,8C,3972,2246,56.55 %,230,218,147,0,595,347,627,671,5,1650,2245,221,214,144,0,579,356,632,673,5,1666,2245,234,228,152,0,614,339,609,651,5,1604,2218
0,Clay,Bluffton,383,256,66.84 %,62,77,24,0,163,30,27,35,0,92,255,62,76,24,0,162,30,28,35,0,93,255,64,75,22,0,161,29,29,35,0,93,254
1,Clay,Zetto,366,210,57.38 %,19,35,12,0,66,52,53,37,1,143,209,19,36,12,0,67,52,52,37,1,142,209,21,35,12,0,68,51,50,34,1,136,204
2,Clay,Court House,390,235,60.26 %,17,24,6,0,47,67,66,54,0,187,234,17,25,6,0,48,66,66,54,0,186,234,17,26,9,0,52,65,62,49,0,176,228
3,Clay,Old Head Start,453,295,65.12 %,28,70,23,0,121,41,64,67,0,172,293,28,69,24,0,121,42,64,66,0,172,293,27,71,23,0,121,41,61,64,0,166,287
4,Clay,Days Cross Road,461,320,69.41 %,41,110,35,0,186,31,48,55,0,134,320,41,109,35,0,185,31,48,55,0,134,319,42,113,36,0,191,29,44,49,0,122,313
0,Clayton,Ellenwood 1,3071,2002,65.19 %,15,46,10,0,71,291,1095,541,2,1929,2000,16,45,10,0,71,290,1097,542,2,1931,2002,19,51,9,0,79,284,1089,536,2,1911,1990
1,Clayton,Ellenwood 2,3332,2252,67.59 %,29,66,38,0,133,300,1225,589,3,2117,2250,28,67,38,0,133,301,1224,589,3,2117,2250,33,72,40,0,145,296,1212,575,3,2086,2231
2,Clayton,Forest Park 1,3710,1395,37.60 %,75,95,58,1,229,398,435,326,4,1163,1392,72,97,62,1,232,401,433,324,4,1162,1394,76,94,64,1,235,391,431,318,4,1144,1379
3,Clayton,Forest Park 2,2888,1321,45.74 %,71,66,51,0,188,298,514,309,7,1128,1316,69,64,52,0,185,300,517,310,7,1134,1319,65,70,56,0,191,299,506,300,6,1111,1302
4,Clayton,Forest Park 3,2898,1235,42.62 %,57,100,40,0,197,298,422,308,5,1033,1230,56,97,41,0,194,297,426,309,5,1037,1231,59,94,43,0,196,293,423,302,6,1024,1220
5,Clayton,Forest Park 4,1829,904,49.43 %,83,142,54,0,279,183,305,136,1,625,904,87,143,53,0,283,178,304,136,1,619,902,85,138,50,0,273,177,301,135,1,614,887
6,Clayton,Forest Park 5,4030,1595,39.58 %,78,100,58,0,236,430,607,310,7,1354,1590,80,100,52,0,232,428,605,320,7,1360,1592,82,100,57,0,239,422,600,303,7,1332,1571
7,Clayton,Forest Park 6,1486,725,48.79 %,62,115,53,0,230,134,268,89,1,492,722,61,113,52,0,226,134,271,89,1,495,721,59,117,49,0,225,132,259,87,1,479,704
8,Clayton,Jonesboro 1,3305,1794,54.28 %,29,44,37,0,110,343,808,525,6,1682,1792,27,41,36,0,104,346,810,527,6,1689,1793,34,49,39,0,122,339,801,517,6,1663,1785
9,Clayton,Jonesboro 2,4420,2386,53.98 %,23,49,25,0,97,468,1165,647,6,2286,2383,23,48,25,0,96,467,1168,648,6,2289,2385,26,53,26,0,105,462,1159,640,5,2266,2371
10,Clayton,Jonesboro 3,4169,2416,57.95 %,105,155,84,0,344,414,992,659,2,2067,2411,106,149,84,0,339,414,998,659,1,2072,2411,102,157,82,0,341,412,987,647,1,2047,2388
11,Clayton,Jonesboro 4,2623,1088,41.48 %,58,67,48,0,173,271,392,249,1,913,1086,57,64,48,0,169,273,396,248,1,918,1087,57,63,45,0,165,271,395,245,1,912,1077
12,Clayton,Jonesboro 5,2092,1245,59.51 %,97,114,58,1,270,235,509,230,0,974,1244,97,114,57,1,269,235,509,232,0,976,1245,98,116,56,1,271,233,505,228,0,966,1237
13,Clayton,Jonesboro 6,2614,1906,72.92 %,174,442,219,1,836,116,527,427,0,1070,1906,175,444,215,1,835,115,525,428,0,1068,1903,176,440,228,1,845,111,515,397,0,1023,1868
14,Clayton,Jonesboro 7,3227,1845,57.17 %,71,145,95,1,312,295,812,423,1,1531,1843,67,144,92,1,304,300,814,425,1,1540,1844,71,146,93,1,311,293,808,421,1,1523,1834
15,Clayton,Jonesboro 8,4015,1704,42.44 %,26,48,21,0,95,464,788,353,3,1608,1703,27,47,20,0,94,463,790,354,3,1610,1704,26,47,24,0,97,459,785,343,3,1590,1687
16,Clayton,Jonesboro 9,1806,684,37.87 %,40,34,41,0,115,139,276,150,2,567,682,43,34,40,0,117,136,277,152,2,567,684,38,38,40,0,116,138,273,146,2,559,675
17,Clayton,Jonesboro 10,3465,1435,41.41 %,48,51,34,0,133,369,579,347,6,1301,1434,43,52,31,0,126,374,578,350,6,1308,1434,46,51,32,0,129,368,575,346,6,1295,1424
18,Clayton,Jonesboro 11,3936,2437,61.92 %,102,229,107,0,438,324,1057,607,5,1993,2431,99,224,103,0,426,326,1062,612,5,2005,2431,98,230,105,0,433,324,1048,603,5,1980,2413
19,Clayton,Jonesboro 12,3153,1555,49.32 %,29,38,22,0,89,326,726,412,1,1465,1554,30,39,23,0,92,325,725,411,1,1462,1554,29,41,25,0,95,323,720,405,1,1449,1544
20,Clayton,Jonesboro 13,2194,1341,61.12 %,73,64,22,0,159,227,621,330,2,1180,1339,71,64,22,0,157,230,621,331,2,1184,1341,72,67,25,0,164,226,615,324,2,1167,1331
21,Clayton,Jonesboro 14,4158,2823,67.89 %,141,354,244,0,739,353,1060,664,3,2080,2819,135,347,245,0,727,358,1066,662,3,2089,2816,144,356,247,0,747,347,1050,651,3,2051,2798
22,Clayton,Jonesboro 15,2943,1137,38.63 %,19,54,37,0,110,262,553,207,3,1025,1135,16,54,37,0,107,265,553,206,3,1027,1134,17,59,37,0,113,263,545,207,3,1018,1131
23,Clayton,Jonesboro 16,2628,1225,46.61 %,50,42,45,0,137,312,488,287,1,1088,1225,50,41,46,0,137,312,488,286,1,1087,1224,49,46,46,0,141,310,480,282,1,1073,1214
24,Clayton,Jonesboro 17,3420,1573,45.99 %,31,40,25,1,97,350,677,440,8,1475,1572,33,38,19,1,91,349,679,445,8,1481,1572,33,37,21,1,92,349,677,434,8,1468,1560
25,Clayton,Jonesboro 18,3351,1708,50.97 %,49,91,41,0,181,370,792,361,0,1523,1704,48,89,42,0,179,372,794,361,0,1527,1706,43,94,46,0,183,371,786,350,0,1507,1690
26,Clayton,Jonesboro 19,3369,1763,52.33 %,26,48,31,0,105,348,774,530,6,1658,1763,26,47,31,0,104,347,775,530,6,1658,1762,25,46,34,0,105,346,775,518,6,1645,1750
27,Clayton,Lake City,3313,1539,46.45 %,51,87,34,0,172,330,723,311,2,1366,1538,55,89,30,0,174,326,721,314,2,1363,1537,55,90,36,0,181,325,716,303,2,1346,1527
28,Clayton,Lovejoy 1,4146,2480,59.82 %,65,140,66,0,271,413,1190,595,7,2205,2476,62,141,64,0,267,416,1188,599,7,2210,2477,64,147,66,0,277,410,1178,590,7,2185,2462
29,Clayton,Lovejoy 2,3674,1842,50.14 %,36,92,42,0,170,313,943,407,8,1671,1841,36,90,43,0,169,313,945,406,8,1672,1841,38,89,47,0,174,309,939,393,8,1649,1823
30,Clayton,Lovejoy 3,1713,1043,60.89 %,28,76,43,2,149,152,553,182,6,893,1042,25,78,45,2,150,154,551,181,6,892,1042,24,81,43,2,150,154,547,180,6,887,1037
31,Clayton,Lovejoy 4,4231,2568,60.69 %,53,103,46,0,202,328,1436,590,4,2358,2560,53,103,45,0,201,329,1440,591,4,2364,2565,58,102,47,0,207,324,1434,585,4,2347,2554
32,Clayton,Lovejoy 5,3540,1869,52.80 %,39,60,34,0,133,352,915,463,4,1734,1867,37,60,32,0,129,354,914,466,4,1738,1867,39,71,31,0,141,351,900,462,4,1717,1858
33,Clayton,Lovejoy 6,3777,2168,57.40 %,40,99,33,0,172,359,1131,491,10,1991,2163,39,97,31,0,167,360,1134,495,11,2000,2167,38,100,35,0,173,359,1125,485,10,1979,2152
34,Clayton,Lovejoy 7,2895,1536,53.06 %,68,106,36,2,212,271,706,332,12,1321,1533,63,104,37,2,206,277,709,332,12,1330,1536,64,107,39,2,212,274,699,323,12,1308,1520
35,Clayton,Morrow 1,3384,1563,46.19 %,43,66,29,0,138,479,650,290,1,1420,1558,42,63,29,0,134,480,653,290,1,1424,1558,40,66,35,0,141,481,645,279,1,1406,1547
36,Clayton,Morrow 2,2132,1147,53.80 %,83,200,71,1,355,159,414,213,2,788,1143,85,198,70,1,354,156,417,214,2,789,1143,82,199,73,1,355,156,407,207,1,771,1126
37,Clayton,Morrow 3,2467,1255,50.87 %,64,156,57,2,279,189,533,253,0,975,1254,65,160,60,2,287,187,530,250,0,967,1254,61,162,59,2,284,189,522,248,0,959,1243
38,Clayton,Morrow 4,2155,1052,48.82 %,62,94,55,3,214,191,412,231,3,837,1051,60,95,54,3,212,194,410,232,3,839,1051,59,92,56,3,210,191,411,229,3,834,1044
39,Clayton,Morrow 5,3118,1883,60.39 %,50,84,40,1,175,302,1012,392,1,1707,1882,50,81,40,1,172,301,1015,391,1,1708,1880,53,81,46,1,181,296,1007,382,1,1686,1867
40,Clayton,Morrow 6,3085,1752,56.79 %,64,115,61,0,240,325,818,366,0,1509,1749,65,116,61,0,242,325,817,367,0,1509,1751,68,117,61,0,246,321,813,354,0,1488,1734
41,Clayton,Morrow 7,2172,1014,46.69 %,40,94,33,0,167,258,394,191,4,847,1014,42,95,31,0,168,256,392,193,4,845,1013,42,96,31,0,169,252,389,190,3,834,1003
42,Clayton,Morrow 8,3257,1964,60.30 %,34,58,29,0,121,344,1009,485,3,1841,1962,29,56,29,0,114,348,1010,485,3,1846,1960,38,59,29,0,126,339,1004,479,2,1824,1950
43,Clayton,Morrow 9,1527,793,51.93 %,31,55,18,0,104,142,364,179,4,689,793,29,54,16,0,99,144,364,181,4,693,792,30,57,16,1,104,142,358,178,3,681,785
44,Clayton,Morrow 10,2377,1432,60.24 %,50,123,40,0,213,210,695,313,1,1219,1432,49,122,40,0,211,211,695,313,1,1220,1431,49,125,46,0,220,211,688,303,1,1203,1423
45,Clayton,Morrow 11,2367,1306,55.18 %,37,57,21,1,116,267,655,263,2,1187,1303,37,58,21,1,117,267,655,264,2,1188,1305,36,57,22,1,116,265,649,254,2,1170,1286
46,Clayton,Oak 1,2665,1296,48.63 %,5,11,12,1,29,348,661,248,9,1266,1295,3,11,10,1,25,350,661,249,8,1268,1293,4,12,11,0,27,346,660,248,9,1263,1290
47,Clayton,Oak 2,2021,877,43.39 %,10,13,13,0,36,241,387,211,2,841,877,8,14,13,0,35,243,386,211,2,842,877,13,20,14,0,47,238,376,204,2,820,867
48,Clayton,Oak 3,2766,1178,42.59 %,9,18,2,0,29,376,549,218,2,1145,1174,8,18,3,0,29,378,551,217,2,1148,1177,11,23,4,0,38,375,544,216,2,1137,1175
49,Clayton,Oak 4,4338,2073,47.79 %,25,35,15,0,75,517,1051,422,7,1997,2072,24,34,15,0,73,519,1051,422,7,1999,2072,24,41,20,0,85,518,1042,412,7,1979,2064
50,Clayton,Oak 5,1835,737,40.16 %,15,17,8,1,41,171,368,156,1,696,737,12,17,7,1,37,174,368,157,1,700,737,11,16,6,1,34,175,368,155,1,699,733
51,Clayton,Panhandle 1,2939,1990,67.71 %,48,79,45,0,172,294,989,529,5,1817,1989,48,80,43,0,171,293,988,532,5,1818,1989,49,84,47,0,180,292,976,520,4,1792,1972
52,Clayton,Panhandle 2,3482,2256,64.79 %,132,205,77,1,415,350,1045,437,6,1838,2253,132,205,76,1,414,351,1045,438,6,1840,2254,136,206,80,1,423,346,1038,428,6,1818,2241
53,Clayton,Riverdale 1,2347,1497,63.78 %,22,39,32,0,93,212,804,383,1,1400,1493,22,37,30,0,89,212,807,386,1,1406,1495,21,40,31,0,92,212,802,379,1,1394,1486
54,Clayton,Riverdale 2,3500,1754,50.11 %,20,23,17,0,60,374,791,513,13,1691,1751,22,24,20,0,66,372,790,510,13,1685,1751,22,28,20,0,70,368,784,506,12,1670,1740
55,Clayton,Riverdale 3,3685,2035,55.22 %,21,43,38,0,102,422,978,529,2,1931,2033,23,41,36,0,100,419,979,529,2,1929,2029,23,48,37,0,108,416,966,524,2,1908,2016
56,Clayton,Riverdale 4,4469,2089,46.74 %,44,73,57,0,174,467,869,565,5,1906,2080,40,70,56,0,166,474,873,568,5,1920,2086,45,74,58,0,177,465,862,553,4,1884,2061
57,Clayton,Riverdale 5,3036,1599,52.67 %,44,50,28,0,122,349,743,374,10,1476,1598,43,49,28,0,120,350,744,375,10,1479,1599,42,49,29,0,120,347,739,369,10,1465,1585
58,Clayton,Riverdale 6,3758,1402,37.31 %,47,68,62,0,177,370,529,316,7,1222,1399,47,62,61,0,170,371,533,318,7,1229,1399,47,68,65,0,180,367,525,310,7,1209,1389
59,Clayton,Riverdale 7,3085,1169,37.89 %,43,70,44,0,157,290,464,252,5,1011,1168,42,70,45,0,157,291,464,251,5,1011,1168,43,75,46,0,164,289,454,245,5,993,1157
60,Clayton,Riverdale 8,2932,1867,63.68 %,39,66,60,0,165,273,884,542,1,1700,1865,41,63,59,0,163,272,886,542,1,1701,1864,38,71,62,0,171,273,877,531,1,1682,1853
61,Clayton,Riverdale 9,2707,1458,53.86 %,39,64,38,0,141,317,665,329,4,1315,1456,37,64,40,0,141,319,665,327,4,1315,1456,38,67,38,0,143,318,662,324,4,1308,1451
62,Clayton,Riverdale 10,3266,1191,36.47 %,12,15,8,0,35,348,557,239,5,1149,1184,11,14,8,0,33,352,560,241,5,1158,1191,11,15,8,0,34,352,555,235,5,1147,1181
63,Clayton,Riverdale 11,1900,1161,61.11 %,25,19,18,0,62,214,596,284,1,1095,1157,24,19,16,0,59,215,598,286,1,1100,1159,25,22,19,0,66,213,590,281,1,1085,1151
64,Clayton,Riverdale 12,3112,1751,56.27 %,44,33,38,1,116,327,804,498,5,1634,1750,45,32,37,1,115,326,805,496,5,1632,1747,46,37,42,1,126,322,795,488,5,1610,1736
0,Clinch,Arabia,109,75,68.81 %,55,10,0,0,65,3,4,3,0,10,75,55,10,0,0,65,3,4,3,0,10,75,57,10,0,0,67,1,4,2,0,7,74
1,Clinch,Argyle,377,210,55.70 %,107,62,9,0,178,13,14,5,0,32,210,108,62,9,0,179,11,14,5,0,30,209,106,58,7,0,171,12,14,5,0,31,202
2,Clinch,Dupont,344,208,60.47 %,103,48,6,0,157,27,12,12,0,51,208,104,48,6,0,158,26,12,12,0,50,208,103,46,5,0,154,23,12,13,0,48,202
3,Clinch,Fargo,268,156,58.21 %,120,12,6,0,138,7,8,3,0,18,156,119,12,7,0,138,8,8,2,0,18,156,116,12,7,0,135,9,8,2,0,19,154
4,Clinch,Homerville,3288,1812,55.11 %,381,794,126,0,1301,152,264,88,0,504,1805,377,794,128,0,1299,158,263,87,0,508,1807,380,779,124,0,1283,147,246,86,0,479,1762
0,Cobb,Acworth 1A,0,3545,0.00 %,625,589,452,1,1667,366,644,862,2,1874,3541,614,580,447,1,1642,377,651,868,2,1898,3540,631,596,456,1,1684,356,629,832,2,1819,3503
1,Cobb,Acworth 1B,0,3153,0.00 %,696,533,412,5,1646,411,439,648,3,1501,3147,691,527,411,5,1634,416,444,651,3,1514,3148,707,532,420,5,1664,396,438,621,3,1458,3122
2,Cobb,Acworth 1C,0,2972,0.00 %,398,336,206,4,944,547,744,729,4,2024,2968,391,334,203,4,932,554,747,731,4,2036,2968,400,341,219,4,964,537,735,702,4,1978,2942
3,Cobb,Addison 01,0,1836,0.00 %,406,201,287,4,898,233,223,480,1,937,1835,404,203,284,4,895,234,221,483,1,939,1834,422,205,301,4,932,216,215,454,1,886,1818
4,Cobb,Austell 1A,0,3013,0.00 %,204,148,118,0,470,568,1080,878,9,2535,3005,198,146,120,0,464,571,1083,878,9,2541,3005,204,151,122,0,477,566,1071,866,9,2512,2989
5,Cobb,Bells Ferry 02,0,2101,0.00 %,483,307,279,1,1070,268,256,500,4,1028,2098,482,304,273,1,1060,268,260,507,4,1039,2099,500,310,281,1,1092,246,250,486,4,986,2078
6,Cobb,Bells Ferry 03,0,1481,0.00 %,403,152,137,0,692,240,210,337,1,788,1480,398,152,136,0,686,244,210,339,1,794,1480,408,153,140,0,701,231,207,329,1,768,1469
7,Cobb,Bells Ferry 04,0,2418,0.00 %,671,350,293,4,1318,340,279,481,0,1100,2418,660,347,291,3,1301,351,282,482,0,1115,2416,679,354,318,3,1354,329,273,442,0,1044,2398
8,Cobb,Big Shanty 01,0,1384,0.00 %,341,191,220,0,752,184,191,252,5,632,1384,341,190,217,1,749,184,192,255,4,635,1384,344,190,223,1,758,174,189,242,4,609,1367
9,Cobb,Big Shanty 02,0,2296,0.00 %,549,339,282,1,1171,318,323,481,0,1122,2293,540,331,279,1,1151,328,331,482,0,1141,2292,566,343,292,1,1202,297,317,454,0,1068,2270
10,Cobb,Baker 01,0,2944,0.00 %,600,333,211,0,1144,524,666,605,2,1797,2941,588,330,202,0,1120,535,671,615,2,1823,2943,610,345,213,0,1168,503,652,595,2,1752,2920
11,Cobb,Birney 01,0,1620,0.00 %,187,161,201,1,550,286,350,431,2,1069,1619,185,159,197,1,542,287,351,435,2,1075,1617,191,162,208,1,562,277,348,412,2,1039,1601
12,Cobb,Birney 02,0,2670,0.00 %,283,287,280,1,851,316,684,810,5,1815,2666,278,284,267,1,830,319,685,823,5,1832,2662,288,289,287,1,865,303,680,789,5,1777,2642
13,Cobb,Bryant 01,0,1380,0.00 %,28,25,20,0,73,253,623,426,3,1305,1378,26,23,19,0,68,255,623,428,3,1309,1377,31,28,20,1,80,249,619,422,2,1292,1372
14,Cobb,Bryant 02,0,2734,0.00 %,49,55,31,0,135,588,1309,689,9,2595,2730,47,53,31,0,131,591,1312,688,9,2600,2731,49,61,33,0,143,587,1296,675,7,2565,2708
15,Cobb,Blackwell 01,0,1872,0.00 %,411,220,211,0,842,270,260,497,3,1030,1872,409,220,210,1,840,272,260,497,2,1031,1871,420,218,217,1,856,258,258,469,2,987,1843
16,Cobb,Chattahoochee 01,0,3278,0.00 %,416,245,155,2,818,738,888,820,10,2456,3274,412,243,152,2,809,740,891,822,10,2463,3272,431,263,170,2,866,717,864,796,10,2387,3253
17,Cobb,Cheatham Hill 02,0,2363,0.00 %,590,450,315,1,1356,202,304,492,0,998,2354,583,449,305,1,1338,213,304,504,0,1021,2359,606,457,341,1,1405,181,291,452,0,924,2329
18,Cobb,Cheatham Hill 03,0,3124,0.00 %,651,522,410,1,1584,295,552,686,1,1534,3118,628,520,401,1,1550,317,554,696,1,1568,3118,667,533,441,1,1642,272,538,641,1,1452,3094
19,Cobb,Chalker 01,0,3206,0.00 %,440,343,350,3,1136,663,652,754,0,2069,3205,432,344,339,2,1117,670,651,765,0,2086,3203,449,351,341,2,1143,650,643,738,1,2032,3175
20,Cobb,Clarkdale 01,0,1131,0.00 %,156,124,131,3,414,177,271,268,1,717,1131,157,120,133,3,413,175,275,266,1,717,1130,155,123,135,3,416,177,269,260,1,707,1123
21,Cobb,Clarkdale 02,0,3343,0.00 %,353,329,207,0,889,586,1081,779,4,2450,3339,352,328,202,0,882,587,1082,784,4,2457,3339,358,327,211,0,896,575,1074,763,4,2416,3312
22,Cobb,Cooper 01,0,2941,0.00 %,170,189,202,0,561,544,1009,813,10,2376,2937,168,187,196,0,551,546,1009,819,10,2384,2935,171,197,205,0,573,538,995,797,9,2339,2912
23,Cobb,Chestnut Ridge 01,0,2617,0.00 %,661,400,446,1,1508,277,237,594,1,1109,2617,653,392,432,1,1478,285,244,608,1,1138,2616,672,412,463,1,1548,257,225,545,1,1028,2576
24,Cobb,Dickerson 01,0,2280,0.00 %,493,374,389,1,1257,182,247,592,1,1022,2279,473,371,380,1,1225,198,250,600,1,1049,2274,498,379,404,1,1282,169,235,552,1,957,2239
25,Cobb,Dobbins 01,0,1163,0.00 %,123,71,88,1,283,308,258,311,1,878,1161,120,70,87,1,278,311,259,312,1,883,1161,124,69,89,2,284,305,255,309,1,870,1154
26,Cobb,Dobbins 02,0,2006,0.00 %,286,140,85,1,512,508,514,465,6,1493,2005,282,137,79,1,499,512,517,471,6,1506,2005,300,141,98,1,540,489,508,442,6,1445,1985
27,Cobb,Dowell 01,0,2303,0.00 %,458,336,242,1,1037,271,435,556,2,1264,2301,439,335,232,1,1007,288,435,566,2,1291,2298,452,345,247,1,1045,273,424,538,2,1237,2282
28,Cobb,Dodgen 01,0,1677,0.00 %,408,255,291,0,954,152,206,364,1,723,1677,399,251,285,0,935,160,210,368,1,739,1674,413,259,301,0,973,140,201,335,1,677,1650
29,Cobb,Durham 01,0,3231,0.00 %,949,747,475,2,2173,248,353,453,0,1054,3227,937,745,464,2,2148,260,356,466,0,1082,3230,965,762,485,2,2214,225,337,424,0,986,3200
30,Cobb,Davis 01,0,1547,0.00 %,459,173,192,1,825,203,173,345,1,722,1547,447,174,186,1,808,214,172,350,1,737,1545,458,179,195,1,833,197,164,330,1,692,1525
31,Cobb,Eastside 01,0,2470,0.00 %,580,393,435,0,1408,199,265,595,0,1059,2467,571,396,420,0,1387,206,263,607,0,1076,2463,594,404,436,0,1434,174,251,562,0,987,2421
32,Cobb,Eastside 02,0,3232,0.00 %,658,506,647,1,1812,242,355,816,2,1415,3227,644,502,617,1,1764,256,360,844,2,1462,3226,669,504,661,1,1835,222,352,776,2,1352,3187
33,Cobb,Elizabeth 01,0,2108,0.00 %,299,158,130,1,588,465,508,542,1,1516,2104,292,154,126,1,573,472,513,545,1,1531,2104,307,164,132,1,604,455,497,529,1,1482,2086
34,Cobb,Elizabeth 02,0,1728,0.00 %,384,242,310,4,940,196,185,405,1,787,1727,380,242,295,4,921,199,186,419,1,805,1726,393,244,305,4,946,182,179,396,1,758,1704
35,Cobb,Elizabeth 03,0,2094,0.00 %,434,319,422,1,1176,221,220,476,0,917,2093,418,316,410,1,1145,237,223,487,0,947,2092,450,323,434,1,1208,198,211,449,0,858,2066
36,Cobb,Elizabeth 04,0,1862,0.00 %,360,138,176,1,675,379,329,476,2,1186,1861,352,133,168,1,654,385,332,484,2,1203,1857,374,141,186,1,702,355,319,457,1,1132,1834
37,Cobb,Elizabeth 05,0,2161,0.00 %,572,260,278,0,1110,250,280,520,0,1050,2160,564,255,269,0,1088,258,285,527,0,1070,2158,583,271,285,0,1139,238,266,492,0,996,2135
38,Cobb,East Piedmont 01,0,1678,0.00 %,346,170,176,0,692,294,254,429,2,979,1671,338,167,169,0,674,305,258,438,2,1003,1677,360,172,184,0,716,280,250,411,1,942,1658
39,Cobb,Fair Oaks 02,0,3138,0.00 %,303,240,251,0,794,612,801,925,1,2339,3133,301,243,245,0,789,614,800,928,1,2343,3132,310,243,250,0,803,598,790,914,1,2303,3106
40,Cobb,Fair Oaks 04,0,2285,0.00 %,302,169,205,4,680,596,419,578,6,1599,2279,304,165,201,2,672,597,424,582,8,1611,2283,317,174,209,2,702,580,410,562,7,1559,2261
41,Cobb,Fullers Park 01,0,2680,0.00 %,628,438,390,0,1456,234,321,663,1,1219,2675,612,432,376,0,1420,248,327,676,1,1252,2672,649,442,410,0,1501,209,311,623,1,1144,2645
42,Cobb,Ford 01,0,2396,0.00 %,802,492,318,3,1615,185,266,326,3,780,2395,800,492,302,3,1597,186,266,340,3,795,2392,811,500,320,3,1634,166,254,314,3,737,2371
43,Cobb,Frey 01,0,1829,0.00 %,503,439,241,0,1183,141,244,258,1,644,1827,498,441,238,0,1177,146,243,261,1,651,1828,510,443,252,0,1205,129,240,240,1,610,1815
44,Cobb,Garrison Mill 01,0,2203,0.00 %,601,297,318,0,1216,241,259,485,0,985,2201,589,295,307,0,1191,254,261,496,0,1011,2202,610,307,334,0,1251,224,247,459,0,930,2181
45,Cobb,Gritters 01,0,2716,0.00 %,682,355,405,0,1442,371,312,587,2,1272,2714,669,352,395,0,1416,381,313,597,2,1293,2709,688,354,407,0,1449,359,309,570,2,1240,2689
46,Cobb,Harmony-Leland 01,0,4200,0.00 %,180,212,180,4,576,551,1740,1314,11,3616,4192,177,211,166,3,557,556,1742,1327,12,3637,4194,182,224,186,4,596,550,1724,1289,11,3574,4170
47,Cobb,Harrison 01,0,2327,0.00 %,726,508,349,1,1584,180,233,330,0,743,2327,706,504,340,1,1551,197,236,338,0,771,2322,732,512,361,1,1606,166,228,310,0,704,2310
48,Cobb,Hightower 01,0,3345,0.00 %,696,508,644,0,1848,258,378,856,2,1494,3342,692,504,626,0,1822,260,382,871,2,1515,3337,713,512,674,0,1899,229,366,789,2,1386,3285
49,Cobb,Hayes 01,0,3004,0.00 %,742,712,448,1,1903,217,367,513,1,1098,3001,728,706,442,1,1877,231,374,519,1,1125,3002,753,713,452,1,1919,203,363,497,1,1064,2983
50,Cobb,Kennesaw 1A,0,1404,0.00 %,323,169,143,0,635,254,251,261,3,769,1404,317,166,142,0,625,259,253,262,3,777,1402,323,176,145,1,645,248,242,251,2,743,1388
51,Cobb,Kennesaw 2A,0,2360,0.00 %,508,361,261,1,1131,356,386,481,3,1226,2357,500,356,256,1,1113,363,391,487,3,1244,2357,511,365,271,1,1148,343,381,459,3,1186,2334
52,Cobb,Kennesaw 3A,0,3622,0.00 %,539,391,333,2,1265,667,793,889,3,2352,3617,535,389,323,2,1249,672,795,897,3,2367,3616,547,407,329,2,1285,650,769,869,3,2291,3576
53,Cobb,Kennesaw 4A,0,2372,0.00 %,492,329,285,3,1109,337,410,514,0,1261,2370,487,325,287,3,1102,342,413,514,0,1269,2371,498,336,291,3,1128,325,399,487,0,1211,2339
54,Cobb,Kennesaw 5A,0,4039,0.00 %,960,497,300,1,1758,638,788,848,0,2274,4032,942,488,294,1,1725,657,796,856,0,2309,4034,974,507,308,1,1790,615,774,820,0,2209,3999
55,Cobb,Kell 01,0,1447,0.00 %,422,172,221,0,815,202,125,305,0,632,1447,412,170,216,0,798,211,126,308,0,645,1443,422,176,225,0,823,195,115,291,0,601,1424
56,Cobb,Kemp 01,0,1478,0.00 %,489,278,246,0,1013,105,150,206,0,461,1474,479,277,242,0,998,116,151,212,0,479,1477,488,282,249,0,1019,104,143,196,0,443,1462
57,Cobb,Kemp 02,0,2970,0.00 %,736,466,466,4,1672,265,436,588,2,1291,2963,732,463,456,4,1655,271,439,599,2,1311,2966,758,472,494,4,1728,243,424,546,2,1215,2943
58,Cobb,Kemp 03,0,3062,0.00 %,1074,645,408,0,2127,227,319,387,1,934,3061,1064,642,400,0,2106,235,320,395,1,951,3057,1087,655,403,0,2145,206,305,374,1,886,3031
59,Cobb,Lassiter 01,0,2779,0.00 %,765,394,446,3,1608,245,348,576,0,1169,2777,752,388,431,3,1574,258,354,587,0,1199,2773,773,405,456,3,1637,230,335,552,0,1117,2754
60,Cobb,Lindley 01,0,3554,0.00 %,290,264,220,3,777,419,1305,1049,1,2774,3551,280,253,211,3,747,429,1317,1057,1,2804,3551,295,274,232,3,804,409,1289,1020,1,2719,3523
61,Cobb,Lost Mountain 01,0,2821,0.00 %,516,731,379,0,1626,173,492,528,0,1193,2819,512,723,374,0,1609,177,501,533,0,1211,2820,523,747,384,0,1654,159,470,502,0,1131,2785
62,Cobb,Lost Mountain 02,0,3195,0.00 %,1000,725,471,2,2198,232,309,453,0,994,3192,992,722,464,2,2180,239,312,462,0,1013,3193,1006,732,480,2,2220,217,298,430,0,945,3165
63,Cobb,Lost Mountain 03,0,4111,0.00 %,942,1054,492,1,2489,293,688,634,0,1615,4104,936,1041,485,1,2463,300,701,640,0,1641,4104,948,1072,505,1,2526,283,667,599,0,1549,4075
64,Cobb,Lost Mountain 04,0,1987,0.00 %,555,404,291,0,1250,150,252,334,0,736,1986,549,401,285,0,1235,157,255,339,0,751,1986,562,409,294,0,1265,141,242,317,0,700,1965
65,Cobb,Mableton 01,0,3303,0.00 %,265,317,338,1,921,466,944,968,0,2378,3299,259,310,329,1,899,472,954,976,0,2402,3301,260,324,342,1,927,465,937,945,0,2347,3274
66,Cobb,Mableton 02,0,1763,0.00 %,176,110,152,3,441,336,485,496,2,1319,1760,178,111,151,3,443,334,484,498,2,1318,1761,180,110,156,3,449,331,479,488,1,1299,1748
67,Cobb,Mableton 03,0,2005,0.00 %,334,245,262,2,843,282,402,471,5,1160,2003,328,242,256,2,828,288,405,476,5,1174,2002,339,244,264,2,849,274,400,460,5,1139,1988
68,Cobb,Mableton 04,0,1188,0.00 %,234,149,159,0,542,123,221,300,0,644,1186,224,144,152,0,520,131,227,306,0,664,1184,236,150,162,0,548,114,218,285,0,617,1165
69,Cobb,Mabry 01,0,1342,0.00 %,491,196,188,0,875,139,132,196,0,467,1342,481,195,182,0,858,149,133,201,0,483,1341,498,204,187,0,889,124,124,188,0,436,1325
70,Cobb,Macland 01,0,2770,0.00 %,217,290,157,1,665,428,927,742,7,2104,2769,210,286,151,1,648,433,930,748,7,2118,2766,223,290,165,1,679,418,922,723,7,2070,2749
71,Cobb,Murdock 01,0,3232,0.00 %,759,480,536,0,1775,338,344,771,1,1454,3229,747,474,524,0,1745,347,351,784,1,1483,3228,782,492,561,0,1835,309,325,717,1,1352,3187
72,Cobb,McEachern 01,0,2518,0.00 %,329,337,266,0,932,235,704,643,1,1583,2515,325,335,266,0,926,239,707,643,1,1590,2516,330,345,267,0,942,230,693,623,1,1547,2489
73,Cobb,McCleskey 01,0,1373,0.00 %,399,199,193,2,793,128,145,305,1,579,1372,394,200,185,2,781,134,144,312,1,591,1372,393,209,198,2,802,134,134,292,1,561,1363
74,Cobb,McClure 01,0,2382,0.00 %,735,445,330,1,1511,232,236,400,1,869,2380,727,444,320,1,1492,240,237,409,1,887,2379,742,447,325,1,1515,218,231,390,1,840,2355
75,Cobb,Marietta 1A,0,2052,0.00 %,277,180,163,1,621,428,462,535,2,1427,2048,272,179,158,1,610,430,465,541,2,1438,2048,280,191,172,1,644,421,444,516,2,1383,2027
76,Cobb,Marietta 2A,0,1645,0.00 %,432,216,305,0,953,186,197,305,0,688,1641,415,213,295,0,923,205,202,315,0,722,1645,444,227,310,0,981,172,187,289,0,648,1629
77,Cobb,Marietta 2B,0,2859,0.00 %,457,329,355,2,1143,485,589,635,2,1711,2854,449,323,343,2,1117,493,596,649,2,1740,2857,473,339,360,2,1174,460,572,612,1,1645,2819
78,Cobb,Marietta 3A,0,2998,0.00 %,605,383,451,1,1440,358,464,729,1,1552,2992,592,387,433,1,1413,369,461,748,1,1579,2992,624,388,452,1,1465,325,453,703,1,1482,2947
79,Cobb,Marietta 3B,0,1216,0.00 %,69,59,58,0,186,238,358,427,4,1027,1213,67,56,58,0,181,240,361,427,4,1032,1213,69,59,60,0,188,236,359,421,4,1020,1208
80,Cobb,Marietta 4A,0,1664,0.00 %,624,255,306,0,1185,139,106,232,0,477,1662,607,250,293,0,1150,156,111,245,0,512,1662,632,262,316,0,1210,124,98,205,0,427,1637
81,Cobb,Marietta 4B,0,1456,0.00 %,319,164,207,0,690,200,230,336,0,766,1456,312,158,201,0,671,207,236,340,0,783,1454,323,171,221,0,715,191,223,310,0,724,1439
82,Cobb,Marietta 4C,0,2168,0.00 %,585,405,322,0,1312,168,249,430,2,849,2161,567,403,319,0,1289,187,251,435,2,875,2164,596,413,338,0,1347,153,237,404,2,796,2143
83,Cobb,Marietta 5A,0,1906,0.00 %,258,155,171,2,586,361,406,546,3,1316,1902,251,154,159,2,566,369,408,559,3,1339,1905,254,158,167,2,581,360,402,532,3,1297,1878
84,Cobb,Marietta 5B,0,1396,0.00 %,132,63,70,1,266,378,339,405,4,1126,1392,129,64,73,1,267,380,338,403,4,1125,1392,138,66,76,1,281,369,335,396,4,1104,1385
85,Cobb,Marietta 6A,0,1308,0.00 %,117,86,81,1,285,329,353,336,3,1021,1306,120,85,77,1,283,325,356,340,3,1024,1307,123,86,83,2,294,317,353,332,2,1004,1298
86,Cobb,Marietta 6B,0,2123,0.00 %,444,256,262,1,963,291,320,544,3,1158,2121,430,250,254,1,935,305,326,552,3,1186,2121,448,254,275,1,978,281,317,523,3,1124,2102
87,Cobb,Marietta 7A,0,1546,0.00 %,124,71,70,0,265,385,466,425,5,1281,1546,124,68,71,0,263,384,469,422,5,1280,1543,127,73,80,0,280,382,463,408,5,1258,1538
88,Cobb,Mars Hill 01,0,2540,0.00 %,937,573,355,2,1867,197,173,302,0,672,2539,931,569,353,2,1855,202,177,304,0,683,2538,936,572,363,2,1873,192,172,281,0,645,2518
89,Cobb,Mars Hill 02,0,1855,0.00 %,524,291,177,0,992,238,242,376,3,859,1851,519,285,172,0,976,243,248,382,3,876,1852,536,299,177,0,1012,222,233,370,3,828,1840
90,Cobb,Mt Bethel 01,0,3340,0.00 %,782,542,586,3,1913,227,349,845,1,1422,3335,772,532,564,3,1871,233,359,864,1,1457,3328,807,561,620,3,1991,196,325,776,1,1298,3289
91,Cobb,Mt Bethel 03,0,2528,0.00 %,512,466,386,1,1365,207,306,648,0,1161,2526,496,457,376,1,1330,223,314,655,0,1192,2522,517,476,420,1,1414,198,292,579,0,1069,2483
92,Cobb,Mt Bethel 04,0,2361,0.00 %,545,388,461,2,1396,164,234,566,0,964,2360,532,383,439,2,1356,176,239,584,0,999,2355,550,400,464,2,1416,151,219,536,0,906,2322
93,Cobb,North Cobb 01,0,1535,0.00 %,334,211,164,1,710,209,287,324,2,822,1532,327,211,159,1,698,216,288,330,2,836,1534,330,213,165,1,709,206,284,313,2,805,1514
94,Cobb,Nickajack 01,0,3207,0.00 %,298,249,200,0,747,513,1013,930,2,2458,3205,291,239,188,0,718,520,1023,944,2,2489,3207,298,247,222,0,767,510,1010,886,2,2408,3175
95,Cobb,Norton Park 01,0,2888,0.00 %,385,312,371,0,1068,516,528,770,3,1817,2885,376,309,362,0,1047,524,530,780,3,1837,2884,382,324,369,0,1075,511,510,752,2,1775,2850
96,Cobb,Nicholson 01,0,1672,0.00 %,448,209,239,0,896,218,178,379,0,775,1671,437,207,234,0,878,229,180,384,0,793,1671,445,206,236,0,887,214,180,371,0,765,1652
97,Cobb,Oakdale 01,0,2865,0.00 %,454,306,382,0,1142,374,526,816,2,1718,2860,433,305,371,0,1109,394,527,830,2,1753,2862,456,325,402,0,1183,364,506,768,2,1640,2823
98,Cobb,Oregon 01,0,1286,0.00 %,392,213,156,3,764,157,162,202,1,522,1286,386,214,155,3,758,163,161,201,1,526,1284,395,214,162,3,774,153,161,192,1,507,1281
99,Cobb,Oregon 02,0,3479,0.00 %,261,284,293,2,840,582,961,1089,1,2633,3473,259,282,296,2,839,584,963,1088,1,2636,3475,270,292,298,2,862,572,948,1067,1,2588,3450
100,Cobb,Oregon 03,0,2765,0.00 %,242,222,245,1,710,566,689,779,15,2049,2759,234,225,239,1,699,574,687,786,15,2062,2761,245,223,243,3,714,558,687,761,13,2019,2733
101,Cobb,Oregon 04,0,2956,0.00 %,234,283,256,0,773,498,722,955,5,2180,2953,227,281,251,0,759,504,724,963,4,2195,2954,234,291,264,0,789,493,712,938,5,2148,2937
102,Cobb,Oregon 05,0,2892,0.00 %,506,375,259,1,1141,312,740,693,3,1748,2889,492,369,255,1,1117,324,746,698,3,1771,2888,503,384,270,1,1158,313,728,668,3,1712,2870
103,Cobb,Pebblebrook 01,0,3024,0.00 %,145,177,164,3,489,585,1089,850,7,2531,3020,144,175,155,3,477,587,1091,857,7,2542,3019,150,176,168,3,497,581,1086,836,7,2510,3007
104,Cobb,Powers Ferry 01,0,2308,0.00 %,516,286,313,1,1116,323,322,542,3,1190,2306,505,287,305,1,1098,332,321,547,3,1203,2301,523,294,316,1,1134,314,313,521,3,1151,2285
105,Cobb,Pine Mountain 01,0,2650,0.00 %,816,559,361,1,1737,218,305,386,2,911,2648,806,552,352,1,1711,228,312,394,2,936,2647,831,565,362,1,1759,198,294,366,2,860,2619
106,Cobb,Pine Mountain 02,0,2517,0.00 %,849,498,436,0,1783,155,230,346,0,731,2514,830,491,422,0,1743,173,238,360,0,771,2514,856,502,453,0,1811,140,225,310,0,675,2486
107,Cobb,Post Oak 01,0,2871,0.00 %,761,490,483,1,1735,254,293,586,0,1133,2868,745,485,481,1,1712,270,299,587,0,1156,2868,774,500,496,1,1771,233,280,547,0,1060,2831
108,Cobb,Pope 01,0,2418,0.00 %,564,390,378,0,1332,219,268,594,0,1081,2413,554,391,364,0,1309,230,267,607,0,1104,2413,571,388,383,0,1342,207,263,576,0,1046,2388
109,Cobb,Palmer 01,0,1829,0.00 %,463,248,311,0,1022,223,220,361,1,805,1827,460,246,302,0,1008,227,222,371,1,821,1829,466,244,316,1,1027,215,220,349,0,784,1811
110,Cobb,Powders Springs 1A,0,3354,0.00 %,260,387,219,1,867,369,1140,973,2,2484,3351,257,385,224,1,867,372,1141,966,2,2481,3348,271,391,229,1,892,352,1128,947,2,2429,3321
111,Cobb,Powders Springs 2A,0,2071,0.00 %,127,134,118,0,379,371,767,547,5,1690,2069,125,132,121,0,378,375,769,543,5,1692,2070,133,136,118,0,387,362,762,539,5,1668,2055
112,Cobb,Powders Springs 3A,0,2512,0.00 %,213,233,155,2,603,435,892,573,0,1900,2503,212,236,156,2,606,438,891,574,0,1903,2509,205,245,166,2,618,443,878,559,0,1880,2498
113,Cobb,Pitner 01,0,1922,0.00 %,575,224,222,0,1021,284,255,358,1,898,1919,564,221,219,0,1004,295,259,360,1,915,1919,592,228,232,0,1052,261,248,340,1,850,1902
114,Cobb,Rocky Mount 01,0,2500,0.00 %,730,340,321,2,1393,301,247,557,0,1105,2498,718,337,306,2,1363,314,250,572,0,1136,2499,742,345,342,2,1431,279,239,520,0,1038,2469
115,Cobb,Riverside 01,0,986,0.00 %,32,25,24,0,81,253,374,275,3,905,986,26,23,23,0,72,259,375,276,3,913,985,34,25,24,0,83,249,371,273,3,896,979
116,Cobb,Roswell 01,0,4371,0.00 %,981,757,734,1,2473,357,430,1106,1,1894,4367,954,745,711,1,2411,383,441,1129,1,1954,4365,1006,771,764,1,2542,320,413,1021,1,1755,4297
117,Cobb,Roswell 02,0,2997,0.00 %,767,421,482,0,1670,266,325,732,2,1325,2995,753,416,462,0,1631,279,330,746,2,1357,2988,785,435,510,0,1730,242,300,670,2,1214,2944
118,Cobb,Sandy Plains 01,0,2169,0.00 %,520,260,303,2,1085,271,282,530,0,1083,2168,510,257,295,2,1064,281,285,538,0,1104,2168,524,262,315,2,1103,260,277,502,0,1039,2142
119,Cobb,Shallowford Falls 01,0,2715,0.00 %,667,429,459,0,1555,231,307,617,0,1155,2710,651,429,450,0,1530,246,308,628,0,1182,2712,667,438,470,0,1575,226,298,580,0,1104,2679
120,Cobb,Simpson 01,0,1432,0.00 %,364,219,178,0,761,141,209,319,1,670,1431,353,215,171,0,739,150,213,324,1,688,1427,369,227,182,0,778,132,200,296,1,629,1407
121,Cobb,Sewell Mill 01,0,2678,0.00 %,604,354,395,1,1354,313,339,666,0,1318,2672,585,348,377,1,1311,331,345,685,0,1361,2672,623,358,415,0,1396,290,331,625,1,1247,2643
122,Cobb,Sewell Mill 03,0,2792,0.00 %,517,271,380,2,1170,421,526,664,6,1617,2787,509,268,363,2,1142,430,529,683,6,1648,2790,516,281,381,2,1180,416,513,639,6,1574,2754
123,Cobb,Smyrna 1A,0,2189,0.00 %,251,92,143,1,487,557,523,614,6,1700,2187,245,91,139,2,477,562,525,617,5,1709,2186,249,98,150,1,498,555,514,597,6,1672,2170
124,Cobb,Smyrna 2A,0,3247,0.00 %,308,230,212,1,751,629,884,975,6,2494,3245,295,229,199,1,724,642,885,987,6,2520,3244,316,238,229,1,784,618,873,935,6,2432,3216
125,Cobb,Smyrna 3A,0,2850,0.00 %,458,228,226,0,912,492,610,828,5,1935,2847,440,222,214,0,876,507,616,840,5,1968,2844,470,236,245,0,951,474,595,792,5,1866,2817
126,Cobb,Smyrna 3B,0,1790,0.00 %,312,188,205,1,706,269,336,476,1,1082,1788,307,183,201,1,692,275,341,476,1,1093,1785,320,195,216,1,732,259,324,451,1,1035,1767
127,Cobb,Smyrna 4A,0,4504,0.00 %,709,569,626,0,1904,486,814,1292,3,2595,4499,694,562,608,0,1864,501,821,1312,3,2637,4501,725,581,653,0,1959,464,795,1225,3,2487,4446
128,Cobb,Smyrna 5A,0,2580,0.00 %,351,172,225,0,748,565,510,748,2,1825,2573,335,166,220,0,721,582,515,755,2,1854,2575,366,178,234,0,778,541,499,726,2,1768,2546
129,Cobb,Smyrna 6A,0,4250,0.00 %,713,454,563,0,1730,542,799,1167,6,2514,4244,699,445,543,0,1687,553,808,1191,6,2558,4245,728,470,581,0,1779,518,777,1118,6,2419,4198
130,Cobb,Smyrna 7A,0,4967,0.00 %,516,499,410,0,1425,475,1527,1536,1,3539,4964,492,487,375,0,1354,498,1540,1571,1,3610,4964,537,509,432,0,1478,445,1509,1485,1,3440,4918
131,Cobb,Sope Creek 01,0,1769,0.00 %,452,240,328,0,1020,175,159,412,1,747,1767,431,239,328,0,998,197,158,410,1,766,1764,456,244,350,0,1050,167,153,380,1,701,1751
132,Cobb,Sope Creek 02,0,3434,0.00 %,695,525,508,1,1729,351,498,843,1,1693,3422,678,521,495,1,1695,369,501,861,1,1732,3427,705,538,547,1,1791,333,480,784,1,1598,3389
133,Cobb,Sope Creek 03,0,2174,0.00 %,601,322,350,1,1274,218,257,419,2,896,2170,588,317,337,1,1243,231,263,432,2,928,2171,613,332,362,1,1308,199,244,394,2,839,2147
134,Cobb,Sweetwater 01,0,2188,0.00 %,266,300,207,1,774,290,638,482,3,1413,2187,265,299,206,2,772,290,638,482,2,1412,2184,269,306,207,2,784,283,620,473,2,1378,2162
135,Cobb,Sweetwater 02,0,1749,0.00 %,114,105,148,2,369,373,425,576,3,1377,1746,110,103,142,2,357,377,426,583,3,1389,1746,113,105,157,3,378,368,425,551,2,1346,1724
136,Cobb,Terrell Mill 01,0,3139,0.00 %,388,280,299,1,968,623,713,830,2,2168,3136,380,276,283,1,940,631,718,847,2,2198,3138,398,283,304,1,986,607,707,815,2,2131,3117
137,Cobb,Timber Ridge 01,0,2010,0.00 %,468,351,304,1,1124,162,224,499,0,885,2009,454,340,294,1,1089,175,235,508,0,918,2007,475,358,321,1,1155,148,214,471,0,833,1988
138,Cobb,Vaughan 01,0,2339,0.00 %,816,499,240,1,1556,237,247,296,1,781,2337,808,498,229,1,1536,244,248,308,1,801,2337,832,498,238,1,1569,216,245,288,1,750,2319
139,Cobb,Vinings 01,0,2148,0.00 %,335,188,211,2,736,384,443,578,4,1409,2145,326,184,207,3,720,391,447,581,3,1422,2142,335,193,222,2,752,376,436,548,4,1364,2116
140,Cobb,Vinings 02,0,4039,0.00 %,493,415,508,1,1417,669,839,1104,7,2619,4036,482,404,494,1,1381,681,850,1118,7,2656,4037,505,423,528,1,1457,650,827,1053,7,2537,3994
141,Cobb,Vinings 03,0,2988,0.00 %,321,364,334,0,1019,406,707,849,4,1966,2985,305,354,326,0,985,419,717,857,4,1997,2982,335,380,353,0,1068,389,686,797,4,1876,2944
142,Cobb,Vinings 04,0,2550,0.00 %,717,275,422,3,1417,346,328,458,0,1132,2549,704,271,396,3,1374,359,331,479,0,1169,2543,716,281,433,3,1433,341,318,422,0,1081,2514
143,Cobb,Wade Green 02,0,3134,0.00 %,657,413,350,0,1420,410,601,698,1,1710,3130,656,409,338,0,1403,412,605,709,1,1727,3130,662,419,347,0,1428,403,592,687,1,1683,3111
144,Cobb,Willeo 01,0,2277,0.00 %,631,373,316,3,1323,234,213,503,1,951,2274,617,367,308,3,1295,248,219,512,1,980,2275,644,378,328,3,1353,214,204,475,1,894,2247
0,Coffee,Douglas,17697,8737,49.37 %,1544,3658,384,2,5588,830,1741,545,0,3116,8704,1534,3657,388,2,5581,838,1747,543,0,3128,8709,1526,3635,386,2,5549,817,1683,528,0,3028,8577
1,Coffee,Ambrose,2241,1208,53.90 %,417,475,66,4,962,84,126,29,3,242,1204,418,475,66,4,963,83,128,29,3,243,1206,410,468,64,4,946,81,118,29,3,231,1177
2,Coffee,Bridgetown,407,235,57.74 %,118,46,6,1,171,39,18,6,0,63,234,116,46,6,1,169,42,18,6,0,66,235,116,46,6,1,169,39,18,6,0,63,232
3,Coffee,Broxton,3611,1420,39.32 %,453,558,43,1,1055,148,169,44,0,361,1416,449,559,43,1,1052,152,168,44,0,364,1416,442,552,43,1,1038,138,165,42,0,345,1383
4,Coffee,Nicholls,1390,1079,77.63 %,429,372,31,4,836,103,94,42,1,240,1076,427,372,29,4,832,107,94,42,1,244,1076,424,365,30,3,822,98,92,37,2,229,1051
5,Coffee,West Green,156,578,370.51 %,336,174,32,0,542,16,13,7,0,36,578,333,175,32,0,540,19,11,7,0,37,577,327,171,32,0,530,20,11,6,0,37,567
0,Colquitt,Shaw,3564,1369,38.41 %,66,209,46,0,321,349,423,272,0,1044,1365,67,208,48,0,323,348,424,269,0,1041,1364,68,203,51,0,322,341,411,265,0,1017,1339
1,Colquitt,Moultrie,4939,2624,53.13 %,510,844,219,0,1573,230,511,304,0,1045,2618,512,842,217,0,1571,228,510,311,0,1049,2620,509,855,226,0,1590,221,485,289,0,995,2585
2,Colquitt,Autreyville,1561,850,54.45 %,340,272,48,0,660,56,94,39,0,189,849,343,272,48,0,663,53,94,39,0,186,849,341,273,48,0,662,52,87,36,0,175,837
3,Colquitt,Bridgecreek,1215,814,67.00 %,350,322,51,0,723,22,35,31,0,88,811,351,322,53,0,726,22,35,31,0,88,814,352,320,51,0,723,18,31,31,0,80,803
4,Colquitt,Crosland,289,172,59.52 %,88,20,15,0,123,23,14,12,0,49,172,89,20,15,0,124,22,14,12,0,48,172,90,20,15,0,125,18,14,12,0,44,169
5,Colquitt,Doerun,629,383,60.89 %,176,60,20,0,256,78,32,17,0,127,383,174,60,19,0,253,80,32,17,0,129,382,172,60,20,0,252,75,31,16,0,122,374
6,Colquitt,Funston,1057,660,62.44 %,317,198,40,2,557,41,32,23,3,99,656,320,199,40,2,561,40,32,23,3,98,659,320,198,41,2,561,38,32,22,3,95,656
7,Colquitt,Hamilton,800,493,61.63 %,276,138,29,0,443,20,20,9,0,49,492,277,138,30,0,445,19,21,8,0,48,493,275,133,28,0,436,20,20,9,0,49,485
8,Colquitt,Hartsfield,419,296,70.64 %,190,55,29,0,274,6,7,8,0,21,295,188,54,27,0,269,7,8,10,0,25,294,188,54,30,0,272,7,8,7,0,22,294
9,Colquitt,Hopewell,1713,1013,59.14 %,358,434,75,3,870,26,67,49,0,142,1012,354,435,75,3,867,29,67,49,0,145,1012,354,430,77,3,864,28,60,43,0,131,995
10,Colquitt,Lee,1125,578,51.38 %,242,199,50,0,491,20,49,18,0,87,578,241,196,49,0,486,20,49,18,0,87,573,239,200,51,0,490,21,47,16,0,84,574
11,Colquitt,Millcreek,431,264,61.25 %,133,88,17,0,238,10,6,10,0,26,264,132,88,18,0,238,11,6,9,0,26,264,132,87,17,0,236,11,6,8,0,25,261
12,Colquitt,Monk,1575,923,58.60 %,381,321,66,0,768,39,68,46,0,153,921,382,318,66,0,766,39,70,47,0,156,922,382,319,66,0,767,38,66,44,0,148,915
13,Colquitt,Murphy,992,695,70.06 %,265,302,44,1,612,21,43,18,0,82,694,265,303,44,1,613,21,43,18,0,82,695,263,304,42,1,610,22,39,18,0,79,689
14,Colquitt,Norman Park,2638,1392,52.77 %,471,497,87,0,1055,94,124,117,0,335,1390,466,497,89,0,1052,100,125,115,0,340,1392,470,498,94,0,1062,86,122,110,0,318,1380
15,Colquitt,Robinson,883,504,57.08 %,255,136,36,0,427,31,33,13,0,77,504,254,136,36,0,426,32,33,13,0,78,504,251,135,34,0,420,29,31,13,0,73,493
16,Colquitt,Thigpen,260,158,60.77 %,102,32,6,0,140,9,2,7,0,18,158,102,32,6,0,140,9,2,7,0,18,158,101,32,8,0,141,9,1,5,0,15,156
17,Colquitt,Tyty,534,320,59.93 %,229,49,23,0,301,5,8,6,0,19,320,228,49,22,0,299,6,8,7,0,21,320,230,50,24,0,304,4,7,5,0,16,320
18,Colquitt,Warrior,986,571,57.91 %,333,148,25,1,507,34,19,11,0,64,571,334,148,25,1,508,32,19,11,0,62,570,330,144,27,1,502,28,18,8,0,54,556
0,Columbia,Kiokee Baptist Church,2585,1909,73.85 %,662,876,113,0,1651,47,127,82,0,256,1907,661,875,111,0,1647,48,128,84,0,260,1907,662,875,113,0,1650,45,117,81,0,243,1893
1,Columbia,Lewis Methodist Church,3814,2577,67.57 %,556,834,178,0,1568,193,476,339,0,1008,2576,558,830,181,0,1569,190,480,335,0,1005,2574,569,847,185,0,1601,177,461,323,0,961,2562
2,Columbia,Woodlawn Baptist Church,1292,932,72.14 %,244,351,78,0,673,45,137,76,0,258,931,241,353,77,0,671,47,134,77,0,258,929,243,353,87,0,683,43,132,63,0,238,921
3,Columbia,Patriots Park,4150,2762,66.55 %,545,1001,129,0,1675,195,566,325,0,1086,2761,541,994,123,0,1658,197,572,332,0,1101,2759,561,1005,131,0,1697,177,550,314,0,1041,2738
4,Columbia,New Life Church,4571,2754,60.25 %,432,692,104,2,1230,270,879,373,0,1522,2752,432,685,105,2,1224,270,885,371,0,1526,2750,433,709,109,2,1253,267,848,360,0,1475,2728
5,Columbia,Harlem Branch Library,2701,1665,61.64 %,423,684,130,0,1237,98,209,118,0,425,1662,424,683,128,0,1235,97,209,118,0,424,1659,427,695,129,0,1251,91,188,116,0,395,1646
6,Columbia,Harlem Senior Center,1870,1200,64.17 %,360,291,48,0,699,107,210,182,0,499,1198,362,287,48,0,697,106,214,182,0,502,1199,365,290,48,0,703,102,207,175,0,484,1187
7,Columbia,Second Mt Moriah Baptist Church,1078,741,68.74 %,242,302,46,0,590,33,69,48,0,150,740,242,299,47,0,588,33,70,47,0,150,738,238,297,48,0,583,31,71,43,0,145,728
8,Columbia,Bessie Thomas Center,821,540,65.77 %,168,261,41,0,470,12,36,22,0,70,540,167,261,41,0,469,13,36,22,0,71,540,167,261,42,0,470,11,35,21,0,67,537
9,Columbia,Philadelphia Church,2425,1461,60.25 %,312,439,77,0,828,118,348,166,0,632,1460,308,437,77,0,822,122,351,165,0,638,1460,315,443,70,0,828,114,340,165,0,619,1447
10,Columbia,Liberty Park-Grovetown,3492,1900,54.41 %,351,416,93,3,863,262,502,273,0,1037,1900,353,417,95,3,868,259,500,271,0,1030,1898,359,417,93,3,872,252,499,268,0,1019,1891
11,Columbia,Grovetown Methodist Church,2843,1476,51.92 %,211,211,74,3,499,272,457,242,4,975,1474,210,209,77,3,499,272,459,240,4,975,1474,214,213,77,3,507,263,449,236,4,952,1459
12,Columbia,G A Apostolic Church,1732,1113,64.26 %,297,298,96,0,691,100,190,132,0,422,1113,300,296,94,0,690,97,192,133,0,422,1112,304,302,108,0,714,92,185,117,0,394,1108
13,Columbia,Grovetown Public Safety Station 2,3817,2140,56.06 %,280,485,89,0,854,284,638,359,0,1281,2135,278,483,85,0,846,286,640,364,0,1290,2136,282,497,93,0,872,282,619,349,0,1250,2122
14,Columbia,Grove First Baptist Church,3050,1694,55.54 %,200,372,63,1,636,196,553,307,0,1056,1692,199,371,62,1,633,197,555,307,0,1059,1692,207,373,66,1,647,187,545,303,0,1035,1682
15,Columbia,Eubank-Blanchard Center,1595,1128,70.72 %,473,335,60,0,868,95,75,88,0,258,1126,469,337,60,0,866,98,74,88,0,260,1126,472,339,60,0,871,93,67,86,0,246,1117
16,Columbia,Second Mt Carmel Baptist Church,758,516,68.07 %,121,111,18,0,250,123,67,76,0,266,516,120,110,19,0,249,124,68,75,0,267,516,120,110,18,0,248,122,64,70,0,256,504
17,Columbia,Damascus Baptist Church,1042,769,73.80 %,410,213,52,1,676,40,28,25,0,93,769,411,213,51,1,676,39,28,26,0,93,769,417,215,53,1,686,31,26,24,0,81,767
18,Columbia,Col Cty Bd of Edu,2200,1472,66.91 %,304,543,114,0,961,107,245,156,0,508,1469,306,545,115,0,966,104,245,154,0,503,1469,315,551,116,0,982,93,235,147,0,475,1457
19,Columbia,Greenbrier High,3461,2510,72.52 %,692,914,186,1,1793,154,298,260,2,714,2507,695,909,185,1,1790,150,302,260,2,714,2504,705,920,191,1,1817,130,285,239,2,656,2473
20,Columbia,Parkway Baptist Church,4706,3380,71.82 %,848,1154,193,0,2195,229,612,341,0,1182,3377,844,1151,194,0,2189,233,615,343,0,1191,3380,854,1170,203,0,2227,219,588,323,0,1130,3357
21,Columbia,Riverview Church,1342,980,73.03 %,233,348,62,0,643,66,158,106,0,330,973,237,348,62,0,647,62,157,106,0,325,972,241,359,61,0,661,58,147,104,0,309,970
22,Columbia,Grace Baptist Church,3612,2526,69.93 %,555,742,141,0,1438,188,594,302,0,1084,2522,561,747,140,0,1448,183,590,303,0,1076,2524,569,759,145,0,1473,170,570,293,0,1033,2506
23,Columbia,Christ Sanctified,2576,1679,65.18 %,495,534,120,0,1149,135,226,167,0,528,1677,496,528,122,0,1146,135,231,165,0,531,1677,493,534,125,0,1152,132,221,159,0,512,1664
24,Columbia,Blanchard Park,2078,1230,59.19 %,282,308,94,0,684,138,230,174,0,542,1226,283,307,90,0,680,137,232,177,0,546,1226,286,309,88,0,683,129,227,174,0,530,1213
25,Columbia,Belair Baptist Church,2485,1610,64.79 %,417,458,121,0,996,157,258,198,0,613,1609,414,459,119,0,992,159,256,200,0,615,1607,424,463,125,0,1012,144,249,190,0,583,1595
26,Columbia,Marvin Methodist,1994,1232,61.79 %,398,275,98,0,771,151,130,179,0,460,1231,395,275,98,0,768,153,129,180,0,462,1230,406,276,102,0,784,139,127,166,0,432,1216
27,Columbia,Westside Baptist Church,1530,1103,72.09 %,320,316,149,0,785,67,117,131,0,315,1100,319,318,149,0,786,68,115,131,0,314,1100,326,318,157,0,801,56,110,121,0,287,1088
28,Columbia,Trinity Baptist Church,2882,1808,62.73 %,538,560,211,2,1311,127,202,166,0,495,1806,534,557,215,2,1308,131,204,161,0,496,1804,543,564,222,2,1331,120,188,149,0,457,1788
29,Columbia,Abilene Baptist,2074,1253,60.41 %,358,361,120,1,840,111,150,149,0,410,1250,354,361,122,1,838,115,151,147,0,413,1251,359,357,121,1,838,108,148,144,0,400,1238
30,Columbia,Augusta Christian,2231,1458,65.35 %,383,391,136,0,910,151,200,196,0,547,1457,385,392,133,0,910,148,198,199,0,545,1455,392,396,142,0,930,138,191,185,0,514,1444
31,Columbia,Savannah Rapids Pavilion,1567,1321,84.30 %,285,490,197,0,972,44,116,187,0,347,1319,285,487,193,0,965,43,119,190,0,352,1317,291,500,191,0,982,36,99,176,0,311,1293
32,Columbia,Gospel Water Branch,2135,1637,76.67 %,409,504,117,0,1030,133,251,216,1,601,1631,411,506,118,0,1035,132,248,216,1,597,1632,420,518,124,0,1062,119,232,202,1,554,1616
33,Columbia,Genesis Church,1851,1333,72.02 %,339,425,141,0,905,99,161,167,0,427,1332,338,421,140,0,899,100,165,168,0,433,1332,354,434,143,0,931,82,150,158,0,390,1321
34,Columbia,Stevens Creek Church,2769,2211,79.85 %,590,756,197,0,1543,131,278,255,0,664,2207,591,753,195,0,1539,129,281,256,0,666,2205,606,756,202,0,1564,107,273,236,0,616,2180
35,Columbia,Mtz Col Fire Hdqtr,1318,714,54.17 %,229,160,41,0,430,100,93,90,0,283,713,231,159,39,0,429,98,94,92,0,284,713,233,161,39,0,433,93,90,90,0,273,706
36,Columbia,Lakeside Middle,1958,1164,59.45 %,291,339,85,0,715,114,199,136,0,449,1164,294,336,85,0,715,111,202,136,0,449,1164,297,342,84,0,723,104,194,132,0,430,1153
37,Columbia,Martinez Baptist,1991,1152,57.86 %,376,196,77,0,649,198,150,154,0,502,1151,376,198,76,0,650,199,148,154,0,501,1151,380,198,78,0,656,184,146,148,0,478,1134
38,Columbia,Gold Cross EMS,1912,1285,67.21 %,309,363,263,0,935,76,123,148,1,348,1283,312,364,263,0,939,73,123,147,1,344,1283,313,367,265,0,945,68,116,131,1,316,1261
39,Columbia,Church of Our Savior,2363,1447,61.24 %,389,328,137,0,854,176,192,223,0,591,1445,392,327,137,0,856,173,193,222,0,588,1444,401,331,135,0,867,156,183,216,0,555,1422
40,Columbia,West Acres Baptist,2481,1633,65.82 %,424,559,143,0,1126,112,209,182,0,503,1629,423,556,143,0,1122,113,212,181,0,506,1628,422,564,143,0,1129,111,201,175,0,487,1616
41,Columbia,Journey Comm Church,1290,977,75.74 %,218,426,124,0,768,38,95,76,0,209,977,218,427,126,0,771,37,94,74,0,205,976,218,429,124,0,771,35,90,69,0,194,965
42,Columbia,Wesley Methodist,2461,1737,70.58 %,454,614,146,1,1215,103,258,158,0,519,1734,460,614,146,1,1221,97,255,158,0,510,1731,458,621,152,1,1232,92,247,149,0,488,1720
43,Columbia,Col Cty Main Library,2162,1438,66.51 %,257,553,116,0,926,96,241,172,3,512,1438,256,551,116,0,923,97,243,171,3,514,1437,266,563,116,0,945,84,226,163,3,476,1421
44,Columbia,Christ Church Presbyterian,2110,1533,72.65 %,416,566,114,0,1096,85,218,134,0,437,1533,412,565,112,0,1089,87,218,136,0,441,1530,420,574,120,0,1114,75,205,123,0,403,1517
45,Columbia,Blue Ridge Elementary,2354,1503,63.85 %,379,457,104,1,941,146,232,180,0,558,1499,373,456,105,1,935,153,233,180,0,566,1501,373,459,113,1,946,149,225,167,0,541,1487
46,Columbia,Christ The King Luth Church,2186,1654,75.66 %,358,602,168,0,1128,69,227,229,0,525,1653,357,601,167,0,1125,70,227,230,0,527,1652,358,608,183,0,1149,61,214,208,0,483,1632
0,Cook,Cecil,1935,1007,52.04 %,192,319,39,0,550,97,246,114,0,457,1007,192,319,39,0,550,97,246,111,0,454,1004,194,315,37,0,546,93,243,111,0,447,993
1,Cook,Delle Beamguard,2499,1483,59.34 %,331,674,103,0,1108,93,166,113,0,372,1480,329,675,105,0,1109,95,165,111,0,371,1480,328,674,104,0,1106,96,158,110,0,364,1470
2,Cook,Elm Pine,535,267,49.91 %,2,7,3,0,12,87,99,66,0,252,264,2,5,3,0,10,88,102,67,0,257,267,3,6,4,0,13,84,99,64,0,247,260
3,Cook,Lenox,1301,800,61.49 %,299,281,48,0,628,79,54,39,0,172,800,297,283,47,0,627,80,51,40,0,171,798,300,282,47,0,629,76,47,38,0,161,790
4,Cook,Massee,944,578,61.23 %,143,304,21,0,468,19,63,28,0,110,578,143,304,23,0,470,19,63,26,0,108,578,144,305,22,0,471,18,59,27,0,104,575
5,Cook,New Life Baptist Church,1270,784,61.73 %,285,347,45,0,677,19,61,25,0,105,782,287,346,45,0,678,18,61,25,0,104,782,283,346,46,0,675,20,58,22,0,100,775
6,Cook,Riverbend,1319,805,61.03 %,197,416,79,0,692,19,59,35,0,113,805,197,416,79,0,692,19,59,35,0,113,805,197,414,80,0,691,18,57,34,0,109,800
7,Cook,Sparks,1084,494,45.57 %,74,87,17,0,178,128,117,68,0,313,491,74,84,16,0,174,129,120,68,0,317,491,76,85,18,0,179,123,119,65,0,307,486
0,Coweta,Senoia,5961,4176,70.06 %,1428,1180,518,0,3126,224,362,459,1,1046,4172,1420,1180,502,0,3102,230,363,474,1,1068,4170,1441,1187,520,0,3148,203,342,433,1,979,4127
1,Coweta,Moreland,2805,1975,70.41 %,991,369,232,1,1593,119,83,177,0,379,1972,988,368,229,1,1586,121,81,180,0,382,1968,993,371,236,1,1601,111,76,163,0,350,1951
2,Coweta,Pine Road,2152,1416,65.80 %,688,310,167,0,1165,63,82,106,0,251,1416,687,309,167,0,1163,63,83,105,0,251,1414,687,312,173,0,1172,62,80,96,0,238,1410
3,Coweta,Dresden,857,557,64.99 %,338,62,51,0,451,50,16,40,0,106,557,340,61,50,0,451,48,17,41,0,106,557,342,62,52,0,456,44,16,39,0,99,555
4,Coweta,Newnan,3553,1992,56.07 %,371,232,148,2,753,378,339,519,0,1236,1989,363,232,145,2,742,388,339,521,0,1248,1990,376,242,155,2,775,363,319,500,0,1182,1957
5,Coweta,Sharpsburg,4598,3122,67.90 %,1207,942,333,0,2482,168,228,241,0,637,3119,1200,938,329,0,2467,174,233,244,0,651,3118,1208,940,341,0,2489,157,224,224,0,605,3094
6,Coweta,Fischer Road,4386,3087,70.38 %,1018,897,325,0,2240,205,282,359,0,846,3086,1022,889,318,0,2229,200,288,366,0,854,3083,1035,901,343,0,2279,174,270,332,0,776,3055
7,Coweta,Cedar Creek,5416,3924,72.45 %,1250,1189,574,0,3013,158,308,444,0,910,3923,1240,1182,569,0,2991,168,313,449,0,930,3921,1253,1188,568,0,3009,147,299,421,0,867,3876
8,Coweta,Grantville,2659,1513,56.90 %,671,202,127,0,1000,223,113,175,1,512,1512,671,198,125,0,994,222,116,177,1,516,1510,682,201,129,0,1012,209,114,168,1,492,1504
9,Coweta,Haralson,2394,1576,65.83 %,870,284,131,1,1286,99,51,138,1,289,1575,865,284,129,1,1279,104,51,140,1,296,1575,874,287,130,1,1292,89,47,134,1,271,1563
10,Coweta,Welcome,3271,2107,64.41 %,1014,346,278,0,1638,152,109,206,0,467,2105,1016,348,275,0,1639,149,108,209,0,466,2105,1023,348,272,0,1643,137,104,199,0,440,2083
11,Coweta,Panther Creek,3118,1911,61.29 %,941,296,202,0,1439,140,120,211,0,471,1910,937,294,196,0,1427,143,122,217,0,482,1909,933,298,199,0,1430,137,116,203,0,456,1886
12,Coweta,Raymond,2257,1714,75.94 %,740,428,184,0,1352,109,105,147,0,361,1713,737,427,183,0,1347,111,106,147,0,364,1711,747,426,184,0,1357,98,104,139,0,341,1698
13,Coweta,Turin,4598,3197,69.53 %,1296,865,345,0,2506,175,228,282,4,689,3195,1294,864,341,0,2499,177,227,287,4,695,3194,1300,866,353,0,2519,161,218,260,4,643,3162
14,Coweta,Smokey Road,2622,1491,56.86 %,460,210,132,0,802,238,190,255,0,683,1485,461,209,126,0,796,237,191,265,0,693,1489,468,209,129,0,806,226,186,251,0,663,1469
15,Coweta,Central,4536,2070,45.63 %,288,247,131,0,666,460,438,496,1,1395,2061,287,246,131,0,664,461,441,500,1,1403,2067,294,250,132,0,676,448,430,487,1,1366,2042
16,Coweta,Newnan Centre,21020,12475,59.35 %,2288,3168,1554,2,7012,997,2194,2256,2,5449,12461,2258,3149,1529,2,6938,1028,2209,2280,2,5519,12457,2291,3185,1565,2,7043,964,2143,2172,2,5281,12324
17,Coweta,Greentop,2920,1864,63.84 %,555,314,267,2,1138,203,207,313,0,723,1861,548,309,267,2,1126,209,211,313,0,733,1859,564,320,279,2,1165,190,196,292,0,678,1843
18,Coweta,Expo Center,2038,1381,67.76 %,505,252,200,0,957,151,101,171,0,423,1380,494,252,192,0,938,161,100,177,0,438,1376,517,254,200,0,971,137,97,161,0,395,1366
19,Coweta,White Oak,4706,3073,65.30 %,882,888,359,0,2129,211,329,400,0,940,3069,877,881,351,0,2109,216,336,409,0,961,3070,886,886,360,0,2132,203,317,391,0,911,3043
20,Coweta,Madras,4525,3211,70.96 %,945,799,364,1,2109,244,404,454,0,1102,3211,938,796,358,1,2093,251,407,459,0,1117,3210,958,805,376,1,2140,222,389,431,0,1042,3182
21,Coweta,Cannongate,3271,2689,82.21 %,1044,677,349,0,2070,176,223,216,1,616,2686,1039,671,347,0,2057,181,231,218,1,631,2688,1065,683,352,0,2100,148,206,199,1,554,2654
22,Coweta,Westside,864,480,55.56 %,77,33,36,0,146,155,62,116,0,333,479,74,33,37,0,144,157,62,115,0,334,478,72,34,37,0,143,155,60,114,0,329,472
23,Coweta,Northside,2314,1605,69.36 %,545,278,220,0,1043,214,126,220,0,560,1603,539,274,218,0,1031,220,130,223,0,573,1604,554,281,218,0,1053,200,121,214,0,535,1588
24,Coweta,Thomas Crossroads,5012,3530,70.43 %,1204,1147,352,0,2703,200,288,337,0,825,3528,1207,1142,349,0,2698,196,292,340,0,828,3526,1210,1144,349,0,2703,185,285,321,0,791,3494
25,Coweta,Coweta Central Library,1763,1241,70.39 %,391,432,134,0,957,68,101,109,0,278,1235,385,431,136,0,952,73,102,111,0,286,1238,399,431,130,0,960,60,99,108,0,267,1227
0,Crawford,District 1A,528,286,54.17 %,74,75,14,0,163,42,52,28,0,122,285,72,74,14,0,160,44,53,28,0,125,285,73,74,17,0,164,42,50,25,0,117,281
1,Crawford,District 1B,1038,629,60.60 %,67,158,28,0,253,68,201,104,0,373,626,66,156,27,0,249,69,203,106,0,378,627,66,158,26,0,250,65,195,103,0,363,613
2,Crawford,District 2,1697,1155,68.06 %,195,360,85,0,640,89,257,161,0,507,1147,194,361,84,0,639,92,258,161,0,511,1150,196,363,87,0,646,85,243,156,0,484,1130
3,Crawford,District 3,1765,1068,60.51 %,280,505,92,2,879,43,79,62,0,184,1063,281,504,91,2,878,43,81,62,0,186,1064,279,504,91,2,876,40,74,58,0,172,1048
4,Crawford,District 4,1852,1135,61.29 %,445,440,110,0,995,41,49,49,0,139,1134,445,440,111,0,996,41,48,49,0,138,1134,440,439,114,0,993,42,43,46,0,131,1124
5,Crawford,District 5,1811,1111,61.35 %,445,417,86,1,949,35,66,60,0,161,1110,443,416,87,1,947,37,67,60,0,164,1111,444,409,90,1,944,32,65,53,0,150,1094
0,Crisp,Arabi,804,491,61.07 %,178,188,29,0,395,40,35,21,0,96,491,178,188,29,0,395,40,35,21,0,96,491,177,189,30,0,396,38,31,20,0,89,485
1,Crisp,Coney,857,681,79.46 %,206,326,70,0,602,14,43,22,0,79,681,205,326,71,0,602,15,43,21,0,79,681,208,325,72,0,605,12,39,18,0,69,674
2,Crisp,Cordele,9060,4518,49.87 %,476,1327,323,1,2127,564,1175,642,0,2381,4508,470,1319,320,1,2110,570,1188,644,0,2402,4512,467,1339,333,1,2140,539,1127,607,0,2273,4413
3,Crisp,Jamestown,1220,891,73.03 %,284,413,97,0,794,19,46,32,0,97,891,285,412,98,0,795,18,47,31,0,96,891,286,416,99,0,801,16,40,24,0,80,881
4,Crisp,Listonia,851,564,66.27 %,223,250,63,0,536,11,8,9,0,28,564,222,250,62,0,534,11,8,10,0,29,563,221,249,65,0,535,8,7,7,0,22,557
0,Dade,South Dade,1011,584,57.76 %,212,222,43,0,477,29,51,27,0,107,584,212,221,44,0,477,29,50,26,0,105,582,210,213,44,0,467,28,51,25,0,104,571
1,Dade,New Salem,1292,840,65.02 %,320,262,68,0,650,41,79,69,1,190,840,318,262,68,1,649,42,79,65,0,186,835,319,261,70,1,651,40,76,64,0,180,831
2,Dade,Davis,2052,1135,55.31 %,460,506,59,1,1026,34,41,30,0,105,1131,461,503,60,1,1025,32,42,28,0,102,1127,452,498,59,1,1010,34,34,25,0,93,1103
3,Dade,New Home,724,433,59.81 %,227,119,27,0,373,34,11,13,0,58,431,229,119,27,0,375,31,11,13,0,55,430,227,120,27,0,374,32,11,13,0,56,430
4,Dade,West Brow,1275,741,58.12 %,264,233,76,2,575,46,62,56,0,164,739,262,233,75,2,572,47,62,55,0,164,736,267,233,73,1,574,36,60,53,0,149,723
5,Dade,Trenton,3696,1585,42.88 %,434,770,126,0,1330,48,136,65,0,249,1579,433,769,128,0,1330,48,138,63,0,249,1579,428,760,128,0,1316,47,131,61,0,239,1555
6,Dade,North Dade,1912,1055,55.18 %,311,424,61,0,796,61,104,93,0,258,1054,309,427,63,0,799,62,98,90,0,250,1049,307,420,60,0,787,58,97,90,0,245,1032
0,Dawson,West,2756,2094,75.98 %,435,881,301,5,1622,46,185,239,0,470,2092,434,875,295,5,1609,47,192,245,0,484,2093,439,886,306,5,1636,40,172,219,0,431,2067
1,Dawson,Central,10071,6327,62.82 %,1471,3449,629,0,5549,127,361,277,0,765,6314,1464,3444,627,0,5535,134,367,277,0,778,6313,1469,3432,636,0,5537,121,343,253,0,717,6254
2,Dawson,East,9097,5988,65.82 %,1415,2870,695,8,4988,175,415,403,2,995,5983,1413,2860,688,8,4969,178,426,406,2,1012,5981,1415,2891,702,8,5016,160,378,363,2,903,5919
0,DeKalb,Allgood Elem,2882,1796,62.32 %,52,47,55,0,154,300,794,539,7,1640,1794,50,46,55,0,151,298,796,539,7,1640,1791,54,48,57,0,159,297,790,530,7,1624,1783
1,DeKalb,Ashford Park Elem,2484,1930,77.70 %,439,416,166,1,1022,159,418,325,2,904,1926,426,404,153,1,984,171,430,335,2,938,1922,428,429,173,1,1031,162,393,305,2,862,1893
2,DeKalb,Austin,2550,2115,82.94 %,385,568,248,0,1201,110,449,350,2,911,2112,371,554,242,0,1167,124,463,356,2,945,2112,385,589,258,0,1232,104,418,316,2,840,2072
3,DeKalb,Avondale,2937,2483,84.54 %,260,194,150,0,604,332,834,704,2,1872,2476,256,188,139,0,583,338,842,713,2,1895,2478,273,206,153,0,632,311,816,682,2,1811,2443
4,DeKalb,Austin Drive,2576,1320,51.24 %,20,20,23,0,63,266,575,401,9,1251,1314,18,19,20,0,57,268,576,405,9,1258,1315,22,26,25,0,73,263,564,394,9,1230,1303
5,DeKalb,Ashford Dunwoody Rd,2997,2429,81.05 %,425,523,194,1,1143,166,671,444,0,1281,2424,404,503,178,1,1086,189,690,460,0,1339,2425,431,532,196,1,1160,156,645,429,0,1230,2390
6,DeKalb,Ashford Parkside,3704,2608,70.41 %,338,536,234,1,1109,140,717,633,5,1495,2604,331,522,216,1,1070,145,733,649,5,1532,2602,337,562,237,1,1137,138,682,591,5,1416,2553
7,DeKalb,Avondale High,3165,2414,76.27 %,96,105,88,0,289,208,1055,859,2,2124,2413,88,102,86,0,276,215,1057,860,2,2134,2410,97,116,94,0,307,200,1043,836,2,2081,2388
8,DeKalb,Boulevard,4740,3534,74.56 %,83,161,77,1,322,360,1820,1015,7,3202,3524,78,143,72,0,293,367,1839,1024,8,3238,3531,82,168,94,2,346,359,1798,984,5,3146,3492
9,DeKalb,Briar Vista Elem,3055,2165,70.87 %,185,155,155,0,495,245,680,741,2,1668,2163,186,151,151,0,488,241,684,744,2,1671,2159,191,160,160,0,511,229,673,706,2,1610,2121
10,DeKalb,Briarlake Elem,1770,1463,82.66 %,202,209,131,1,543,141,408,368,0,917,1460,190,199,122,1,512,154,417,377,0,948,1460,201,219,138,1,559,136,396,347,0,879,1438
11,DeKalb,Briarwood,2453,1607,65.51 %,221,304,114,1,640,160,483,314,10,967,1607,210,290,102,1,603,171,496,326,10,1003,1606,234,305,123,1,663,139,472,292,10,913,1576
12,DeKalb,Brockett Elem,2782,1843,66.25 %,128,224,173,1,526,203,634,474,6,1317,1843,127,217,168,0,512,204,641,476,6,1327,1839,141,235,172,0,548,187,618,461,6,1272,1820
13,DeKalb,Briarcliff,3162,2245,71.00 %,243,294,294,4,835,160,560,687,0,1407,2242,231,284,287,4,806,170,567,695,0,1432,2238,244,295,283,2,824,153,553,650,0,1356,2180
14,DeKalb,Brockett,2709,1820,67.18 %,197,196,137,3,533,247,598,435,5,1285,1818,194,190,136,4,524,250,604,436,4,1294,1818,202,203,138,3,546,236,589,421,4,1250,1796
15,DeKalb,Brookhaven,3481,2594,74.52 %,461,526,200,4,1191,251,675,472,1,1399,2590,439,508,194,4,1145,274,692,477,1,1444,2589,476,537,209,3,1225,226,651,443,2,1322,2547
16,DeKalb,Browns Mill Elem,3881,2684,69.16 %,21,22,30,0,73,418,1384,794,9,2605,2678,21,19,28,0,68,420,1390,796,9,2615,2683,20,26,33,0,79,418,1373,788,9,2588,2667
17,DeKalb,Bouldercrest Road,2018,1288,63.83 %,14,20,13,0,47,193,708,332,7,1240,1287,12,19,12,0,43,195,709,333,7,1244,1287,12,25,10,0,47,195,702,328,6,1231,1278
18,DeKalb,Bethune Middle,4907,2717,55.37 %,24,37,28,1,90,413,1305,896,8,2622,2712,26,38,25,0,89,412,1305,900,9,2626,2715,24,39,27,0,90,411,1296,884,9,2600,2690
19,DeKalb,Burgess Elem,3541,2559,72.27 %,60,88,45,0,193,260,1297,796,8,2361,2554,53,84,48,1,186,267,1302,795,7,2371,2557,56,104,56,0,216,262,1270,775,8,2315,2531
20,DeKalb,Columbia Drive,2564,1276,49.77 %,18,12,9,0,39,265,530,435,3,1233,1272,16,11,6,0,33,266,531,438,3,1238,1271,11,14,6,0,31,270,524,428,2,1224,1255
21,DeKalb,Canby Lane Elem,2026,1199,59.18 %,15,14,20,0,49,253,490,400,5,1148,1197,16,13,20,0,49,252,493,400,5,1150,1199,16,12,21,0,49,248,491,392,5,1136,1185
22,DeKalb,Columbia Elem,1823,698,38.29 %,6,9,2,0,17,167,296,212,3,678,695,5,6,2,0,13,168,299,214,3,684,697,7,10,2,0,19,165,292,210,3,670,689
23,DeKalb,Cedar Grove Elem,4148,2486,59.93 %,9,25,17,0,51,383,1368,671,9,2431,2482,7,22,16,0,45,386,1372,673,9,2440,2485,9,24,18,0,51,383,1366,662,9,2420,2471
24,DeKalb,Chamblee,2278,1481,65.01 %,174,227,74,1,476,162,499,340,2,1003,1479,173,222,70,0,465,163,504,343,3,1013,1478,178,238,81,1,498,156,484,328,2,970,1468
25,DeKalb,Candler-Murphey Candler Elem,3789,2386,62.97 %,46,62,46,1,155,346,1328,541,13,2228,2383,43,60,45,1,149,350,1330,543,13,2236,2385,43,60,46,1,150,348,1323,536,13,2220,2370
26,DeKalb,Chapel Hill Elem,3382,2157,63.78 %,16,21,12,0,49,374,1099,626,8,2107,2156,16,19,10,0,45,374,1102,628,8,2112,2157,19,21,17,0,57,370,1093,616,7,2086,2143
27,DeKalb,Chesnut Elem,2401,1554,64.72 %,130,202,62,0,394,246,601,302,7,1156,1550,129,196,56,0,381,248,607,310,7,1172,1553,134,202,70,0,406,237,594,282,6,1119,1525
28,DeKalb,Clairemont West,3303,2747,83.17 %,96,164,151,1,412,187,1154,983,4,2328,2740,90,162,142,0,394,190,1156,996,5,2347,2741,95,172,160,0,427,187,1135,946,5,2273,2700
29,DeKalb,Clairmont Road,3303,2256,68.30 %,128,126,178,0,432,208,698,911,4,1821,2253,122,121,170,0,413,214,703,920,4,1841,2254,133,136,193,0,462,199,684,873,4,1760,2222
30,DeKalb,Clarkston,3965,1761,44.41 %,43,47,30,1,121,504,768,348,9,1629,1750,41,47,31,1,120,509,772,349,10,1640,1760,47,48,29,1,125,493,762,337,9,1601,1726
31,DeKalb,Clifton,1775,1017,57.30 %,10,12,12,0,34,169,508,294,6,977,1011,9,10,12,0,31,171,511,296,6,984,1015,8,14,13,0,35,169,499,290,6,964,999
32,DeKalb,Columbia Middle,2197,1074,48.88 %,8,13,4,0,25,188,546,306,7,1047,1072,8,11,4,0,23,189,549,306,7,1051,1074,10,13,6,0,29,185,546,302,7,1040,1069
33,DeKalb,Coan Recreation Center,4293,2848,66.34 %,75,119,65,0,259,316,1529,740,2,2587,2846,71,110,57,0,238,320,1536,748,2,2606,2844,76,135,67,0,278,308,1502,717,2,2529,2807
34,DeKalb,Cross Keys High,2307,1490,64.59 %,139,237,133,0,509,132,472,376,1,981,1490,138,229,130,0,497,133,479,377,1,990,1487,145,244,140,0,529,123,464,350,1,938,1467
35,DeKalb,Crossroads,2951,1750,59.30 %,22,28,23,0,73,273,834,559,5,1671,1744,20,25,22,0,67,274,839,563,5,1681,1748,20,30,27,0,77,270,830,551,5,1656,1733
36,DeKalb,Candler,3616,1903,52.63 %,50,39,18,2,109,311,897,570,11,1789,1898,50,36,17,2,105,311,901,573,11,1796,1901,52,49,23,2,126,305,883,555,11,1754,1880
37,DeKalb,Cedar Grove Middle,1918,876,45.67 %,10,8,9,0,27,154,456,229,8,847,874,9,6,8,0,23,156,458,231,8,853,876,10,9,8,0,27,155,454,228,7,844,871
38,DeKalb,Cedar Grove South,4021,2590,64.41 %,17,25,21,0,63,385,1490,639,6,2520,2583,17,21,22,0,60,386,1494,638,6,2524,2584,23,37,27,0,87,378,1474,624,5,2481,2568
39,DeKalb,Covington Hwy,969,186,19.20 %,4,3,2,0,9,49,75,50,3,177,186,3,2,2,0,7,50,76,50,3,179,186,3,2,2,0,7,49,76,50,3,178,185
40,DeKalb,Covington,2439,1254,51.41 %,60,48,32,1,141,172,626,310,5,1113,1254,57,45,29,1,132,175,629,312,5,1121,1253,50,55,32,1,138,177,615,301,5,1098,1236
41,DeKalb,Clairemont East,3269,2684,82.10 %,86,195,138,2,421,175,1070,1013,4,2262,2683,81,183,128,2,394,179,1081,1024,4,2288,2682,89,209,160,2,460,170,1050,970,4,2194,2654
42,DeKalb,Coralwood,3184,2589,81.31 %,189,317,244,0,750,155,861,821,0,1837,2587,180,307,230,0,717,164,871,833,0,1868,2585,196,325,250,0,771,145,844,780,0,1769,2540
43,DeKalb,Candler Park,4083,3376,82.68 %,114,178,94,1,387,203,1701,1078,6,2988,3375,109,162,89,1,361,205,1715,1083,6,3009,3370,113,195,121,0,429,197,1673,1036,7,2913,3342
44,DeKalb,Clarkston Community Center,2559,1286,50.25 %,77,44,33,0,154,288,491,336,10,1125,1279,76,45,31,0,152,289,491,338,10,1128,1280,77,48,36,0,161,283,486,329,9,1107,1268
45,DeKalb,Chamblee 2,3176,2360,74.31 %,284,428,188,4,904,157,785,510,2,1454,2358,277,407,171,4,859,164,804,528,2,1498,2357,287,449,197,5,938,150,752,479,1,1382,2320
46,DeKalb,Doraville North,3117,1698,54.48 %,175,119,106,2,402,398,546,347,2,1293,1695,171,120,104,2,397,400,544,348,2,1294,1691,177,126,103,3,409,385,533,343,1,1262,1671
47,DeKalb,Doraville South,1275,778,61.02 %,101,71,50,0,222,129,252,174,0,555,777,99,72,45,0,216,132,251,177,0,560,776,101,76,51,0,228,129,245,168,0,542,770
48,DeKalb,Dresden Elem,5221,3056,58.53 %,242,365,192,2,801,436,1015,791,5,2247,3048,239,362,181,2,784,440,1018,804,5,2267,3051,250,376,204,2,832,425,1002,759,4,2190,3022
49,DeKalb,Decatur,1950,1566,80.31 %,67,75,31,0,173,140,815,436,2,1393,1566,62,63,27,0,152,145,826,437,2,1410,1562,68,80,33,0,181,139,805,423,2,1369,1550
50,DeKalb,Dunaire Elem,2311,1365,59.07 %,46,47,42,1,136,250,577,396,3,1226,1362,45,45,42,1,133,251,579,396,3,1229,1362,41,48,47,1,137,253,572,380,3,1208,1345
51,DeKalb,Dunwoody,3052,2059,67.46 %,193,359,175,0,727,186,691,450,3,1330,2057,190,358,168,1,717,189,693,455,2,1339,2056,196,376,185,1,758,179,667,425,2,1273,2031
52,DeKalb,Dunwoody 2,2074,1732,83.51 %,239,461,193,1,894,80,492,261,1,834,1728,229,441,189,1,860,89,513,266,1,869,1729,251,473,198,1,923,62,472,239,1,774,1697
53,DeKalb,Druid Hills High,2800,1669,59.61 %,105,111,111,0,327,155,522,661,1,1339,1666,102,100,107,0,309,159,533,662,1,1355,1664,104,119,127,0,350,150,512,632,1,1295,1645
54,DeKalb,Dunwoody Library,2592,2161,83.37 %,262,719,225,3,1209,85,513,350,0,948,2157,256,694,211,3,1164,91,539,364,0,994,2158,268,748,237,3,1256,73,473,313,0,859,2115
55,DeKalb,East Lake,4187,2861,68.33 %,87,138,50,1,276,291,1437,837,12,2577,2853,82,126,51,1,260,297,1450,836,12,2595,2855,84,146,73,1,304,292,1421,796,11,2520,2824
56,DeKalb,Embry Hills,1738,1298,74.68 %,105,195,124,0,424,118,390,363,1,872,1296,107,191,119,0,417,116,393,367,1,877,1294,108,198,126,0,432,110,384,347,1,842,1274
57,DeKalb,Evansdale Elem,3476,2372,68.24 %,207,352,194,1,754,256,760,596,1,1613,2367,199,344,188,1,732,262,769,601,2,1634,2366,213,360,206,1,780,244,748,569,2,1563,2343
58,DeKalb,Emory South,3345,2427,72.56 %,198,184,132,2,516,250,797,859,4,1910,2426,187,179,117,1,484,261,801,871,5,1938,2422,198,188,129,1,516,247,790,845,4,1886,2402
59,DeKalb,Emory Road,2621,1246,47.54 %,37,43,77,0,157,89,254,743,2,1088,1245,35,42,78,0,155,91,254,741,2,1088,1243,40,43,82,0,165,84,254,717,2,1057,1222
60,DeKalb,Fairington Elem,5581,2543,45.57 %,18,19,16,1,54,554,1300,609,25,2488,2542,17,21,17,1,56,554,1298,608,24,2484,2540,18,22,17,1,58,550,1290,601,25,2466,2524
61,DeKalb,Fernbank Elem,2156,1863,86.41 %,135,154,125,0,414,166,622,659,0,1447,1861,128,147,115,0,390,173,629,668,0,1470,1860,138,158,127,0,423,157,613,638,0,1408,1831
62,DeKalb,Flat Shoals Elem,2443,1231,50.39 %,10,16,6,0,32,214,582,399,3,1198,1230,9,12,5,0,26,215,586,400,3,1204,1230,12,15,7,0,34,211,578,390,3,1182,1216
63,DeKalb,Flat Shoals Parkway,3470,2282,65.76 %,13,34,14,0,61,303,1222,684,9,2218,2279,13,35,16,0,64,303,1222,682,9,2216,2280,15,32,20,0,67,301,1216,678,9,2204,2271
64,DeKalb,Flat Rock Elem,3174,2068,65.15 %,18,24,18,0,60,325,1227,440,13,2005,2065,14,25,15,0,54,329,1228,443,12,2012,2066,17,29,17,0,63,325,1221,434,12,1992,2055
65,DeKalb,Flat Shoals,2662,1274,47.86 %,7,9,7,0,23,191,651,401,6,1249,1272,5,9,8,0,22,195,650,399,6,1250,1272,8,13,10,1,32,189,641,390,5,1225,1257
66,DeKalb,Flakes Mill Fire Station,2123,1299,61.19 %,8,15,10,0,33,147,770,345,1,1263,1296,5,13,10,0,28,150,772,347,1,1270,1298,8,19,11,0,38,147,765,340,1,1253,1291
67,DeKalb,Flat Shoals Library,2833,1379,48.68 %,9,18,2,1,30,239,720,384,6,1349,1379,7,15,3,1,26,241,722,383,6,1352,1378,8,17,3,0,28,239,716,373,6,1334,1362
68,DeKalb,Freedom Middle,3279,1766,53.86 %,40,45,57,2,144,338,801,473,8,1620,1764,41,41,56,1,139,336,804,475,9,1624,1763,41,46,56,1,144,332,797,463,7,1599,1743
69,DeKalb,Glennwood,2755,1925,69.87 %,52,105,71,0,228,142,817,729,5,1693,1921,53,103,67,0,223,141,819,732,5,1697,1920,54,110,77,0,241,134,808,709,5,1656,1897
70,DeKalb,Glenhaven,1907,1080,56.63 %,41,18,38,0,97,231,455,292,2,980,1077,42,15,38,0,95,230,458,293,2,983,1078,43,18,34,0,95,227,450,292,2,971,1066
71,DeKalb,Gresham Road,3661,2190,59.82 %,32,45,19,0,96,308,1087,691,5,2091,2187,29,43,17,0,89,311,1086,695,5,2097,2186,34,54,26,0,114,303,1071,674,5,2053,2167
72,DeKalb,Georgetown Sq,4229,2560,60.53 %,237,450,174,1,862,322,914,452,7,1695,2557,223,445,164,1,833,336,920,461,7,1724,2557,236,477,178,2,893,315,879,433,6,1633,2526
73,DeKalb,Glenwood Road,2340,1140,48.72 %,17,27,27,0,71,244,456,359,9,1068,1139,14,25,26,0,65,247,458,360,9,1074,1139,17,31,28,0,76,244,448,352,9,1053,1129
74,DeKalb,Hambrick Elem,3845,2160,56.18 %,83,91,79,0,253,393,952,554,4,1903,2156,75,90,76,0,241,398,952,558,4,1912,2153,82,96,79,0,257,385,940,547,4,1876,2133
75,DeKalb,Hawthorne Elem,3907,2500,63.99 %,201,285,146,0,632,337,929,591,9,1866,2498,196,279,136,0,611,343,935,601,9,1888,2499,205,289,153,0,647,329,923,572,9,1833,2480
76,DeKalb,Henderson Mill,3141,2256,71.82 %,225,311,214,1,751,243,681,579,1,1504,2255,217,299,206,1,723,250,691,585,1,1527,2250,226,318,231,1,776,237,663,545,1,1446,2222
77,DeKalb,Huntley Hills Elem,3568,2238,62.72 %,200,280,108,0,588,357,863,416,8,1644,2232,189,275,100,0,564,368,866,425,9,1668,2232,202,286,112,0,600,345,851,403,8,1607,2207
78,DeKalb,Hugh Howell,1798,1406,78.20 %,175,183,163,0,521,171,412,298,1,882,1403,171,179,162,0,512,176,415,298,1,890,1402,173,192,167,0,532,172,397,282,1,852,1384
79,DeKalb,Harris-Narvie J Harris Elem,4063,2542,62.56 %,14,22,11,0,47,269,1578,639,7,2493,2540,13,19,10,0,42,270,1582,639,7,2498,2540,13,26,10,0,49,269,1568,634,7,2478,2527
80,DeKalb,Harris-Margaret Harris ED,1497,990,66.13 %,80,46,50,1,177,184,374,249,4,811,988,75,45,52,1,173,190,375,246,4,815,988,79,55,59,1,194,186,363,236,4,789,983
81,DeKalb,Idlewood Elem,2528,1514,59.89 %,102,104,66,2,274,223,640,367,5,1235,1509,97,104,65,1,267,226,644,368,5,1243,1510,104,104,72,1,281,216,633,356,5,1210,1491
82,DeKalb,Indian Creek,2384,1091,45.76 %,42,54,37,3,136,179,455,308,8,950,1086,47,53,34,3,137,174,458,313,8,953,1090,48,56,34,1,139,172,452,305,9,938,1077
83,DeKalb,Johnson Estates,1614,1360,84.26 %,119,141,104,1,365,54,485,456,0,995,1360,113,127,98,1,339,58,499,461,0,1018,1357,118,149,111,1,379,54,469,439,0,962,1341
84,DeKalb,Jolly Elem,3765,2032,53.97 %,120,116,82,0,318,345,782,560,17,1704,2022,114,114,80,0,308,350,788,563,17,1718,2026,111,116,91,0,318,345,777,549,11,1682,2000
85,DeKalb,Kelley Lake Elem,3034,1627,53.63 %,14,24,16,0,54,321,685,553,7,1566,1620,13,22,17,0,52,323,687,553,7,1570,1622,17,25,22,0,64,315,681,533,7,1536,1600
86,DeKalb,Kingsley Elem,2515,2083,82.82 %,299,555,296,3,1153,128,378,423,0,929,2082,284,548,289,3,1124,141,384,426,0,951,2075,303,562,299,3,1167,119,362,386,0,867,2034
87,DeKalb,Kelley Chapel Road,1349,932,69.09 %,18,6,7,0,31,159,421,320,0,900,931,15,7,7,0,29,162,420,320,0,902,931,17,7,10,0,34,159,418,313,0,890,924
88,DeKalb,Knollwood,2574,1455,56.53 %,56,31,9,1,97,318,585,452,2,1357,1454,46,31,8,0,85,329,585,453,3,1370,1455,51,39,15,0,105,322,571,433,3,1329,1434
89,DeKalb,Kittredge Elem,2168,1774,81.83 %,236,404,178,2,820,83,488,381,0,952,1772,229,388,176,2,795,89,503,383,0,975,1770,237,422,198,2,859,78,462,347,0,887,1746
90,DeKalb,Lakeside High,3250,2561,78.80 %,285,378,272,0,935,229,779,612,3,1623,2558,272,364,260,0,896,241,791,622,3,1657,2553,287,394,287,0,968,225,757,583,2,1567,2535
91,DeKalb,Lavista Road,2257,1680,74.44 %,169,134,170,0,473,157,470,571,4,1202,1675,164,134,171,0,469,163,470,572,4,1209,1678,166,144,174,0,484,159,460,541,4,1164,1648
92,DeKalb,Lavista,3295,1984,60.21 %,144,206,169,2,521,263,623,576,1,1463,1984,147,193,162,2,504,260,635,579,1,1475,1979,150,199,180,2,531,251,621,542,1,1415,1946
93,DeKalb,Lithonia,1769,848,47.94 %,23,20,13,0,56,253,342,186,9,790,846,22,21,12,0,55,254,341,188,9,792,847,21,20,15,0,56,253,342,182,9,786,842
94,DeKalb,Lin-Mary Lin Elem,3032,2357,77.74 %,108,158,100,4,370,189,1012,776,7,1984,2354,100,145,95,4,344,197,1024,782,7,2010,2354,113,177,112,5,407,182,982,750,5,1919,2326
95,DeKalb,Lithonia High,3667,1872,51.05 %,11,19,7,0,37,412,961,453,8,1834,1871,10,17,7,0,34,412,962,454,8,1836,1870,9,23,9,0,41,414,952,449,8,1823,1864
96,DeKalb,Livsey Elem,1364,1095,80.28 %,123,188,103,2,416,99,343,234,0,676,1092,124,189,96,2,411,98,344,241,0,683,1094,128,192,103,2,425,90,333,230,0,653,1078
97,DeKalb,Miller-Eldridge L Miller Elem,3482,1946,55.89 %,25,35,28,1,89,335,888,622,10,1855,1944,28,32,25,1,86,331,889,625,10,1855,1941,23,32,31,1,87,334,886,610,9,1839,1926
98,DeKalb,McNair High,4218,2750,65.20 %,53,63,33,1,150,351,1355,881,8,2595,2745,47,56,29,1,133,356,1361,888,8,2613,2746,52,64,42,1,159,347,1346,860,8,2561,2720
99,DeKalb,Marbut Elem,4297,2314,53.85 %,20,11,15,0,46,394,1304,550,16,2264,2310,17,11,8,0,36,399,1304,557,16,2276,2312,19,17,10,0,46,391,1295,552,15,2253,2299
100,DeKalb,McNair,2840,1658,58.38 %,27,30,22,1,80,247,745,576,7,1575,1655,26,28,17,1,72,248,747,584,7,1586,1658,26,34,19,2,81,248,734,575,5,1562,1643
101,DeKalb,McLendon,3662,2361,64.47 %,119,150,115,2,386,308,868,795,3,1974,2360,116,149,109,2,376,309,869,796,4,1978,2354,122,159,127,2,410,298,855,772,4,1929,2339
102,DeKalb,McWilliams,2543,1668,65.59 %,3,23,9,0,35,198,928,501,4,1631,1666,2,22,7,0,31,200,929,503,4,1636,1667,3,25,10,0,38,197,926,494,4,1621,1659
103,DeKalb,Medlock,2244,1776,79.14 %,112,116,127,0,355,228,557,629,4,1418,1773,107,114,123,0,344,234,558,634,4,1430,1774,120,120,141,0,381,217,547,603,4,1371,1752
104,DeKalb,Midvale Elem,2772,2245,80.99 %,310,388,278,1,977,145,585,526,2,1258,2235,306,380,267,1,954,146,594,539,2,1281,2235,320,410,283,1,1014,134,564,510,2,1210,2224
105,DeKalb,Miller Grove,4819,2347,48.70 %,11,22,9,0,42,461,1180,635,25,2301,2343,10,21,10,0,41,462,1182,635,26,2305,2346,12,17,10,0,39,458,1182,627,24,2291,2330
106,DeKalb,Montclair Elem,2215,1088,49.12 %,69,55,11,0,135,268,476,198,10,952,1087,69,48,12,0,129,268,482,196,10,956,1085,71,51,17,0,139,265,475,186,10,936,1075
107,DeKalb,Montreal,2612,1708,65.39 %,118,129,87,2,336,296,629,436,7,1368,1704,115,129,85,2,331,298,630,440,7,1375,1706,119,132,101,2,354,293,624,413,7,1337,1691
108,DeKalb,Meadowview,3567,2013,56.43 %,17,24,24,0,65,304,910,724,6,1944,2009,15,21,25,0,61,307,913,724,6,1950,2011,20,27,24,0,71,300,906,714,6,1926,1997
109,DeKalb,Memorial South,3181,1371,43.10 %,48,31,23,2,104,314,610,324,14,1262,1366,47,31,21,2,101,315,611,325,14,1265,1366,45,35,27,3,110,315,604,315,12,1246,1356
110,DeKalb,Midway,3187,1611,50.55 %,38,49,30,0,117,222,716,548,6,1492,1609,29,47,28,0,104,231,717,552,6,1506,1610,31,53,38,0,122,224,708,534,6,1472,1594
111,DeKalb,McNair Academy,1931,1217,63.02 %,22,20,5,0,47,185,575,406,2,1168,1215,22,16,5,0,43,185,579,406,2,1172,1215,22,21,8,0,51,183,570,397,2,1152,1203
112,DeKalb,Mount Vernon East,2674,2219,82.98 %,353,664,204,1,1222,124,543,326,1,994,2216,335,643,202,0,1180,142,564,330,2,1038,2218,367,677,208,0,1252,106,518,305,2,931,2183
113,DeKalb,Mathis-Bob Mathis Elem,2805,1873,66.77 %,15,22,31,0,68,234,921,641,5,1801,1869,13,23,28,0,64,239,921,644,5,1809,1873,15,28,29,0,72,236,913,638,5,1792,1864
114,DeKalb,Mount Vernon West,2313,1834,79.29 %,192,520,158,2,872,87,583,290,1,961,1833,186,501,155,2,844,93,600,292,1,986,1830,199,528,158,2,887,76,561,282,1,920,1807
115,DeKalb,Metropolitan,3441,2422,70.39 %,59,93,36,3,191,266,1298,649,11,2224,2415,54,81,32,2,169,267,1313,654,12,2246,2415,56,103,40,4,203,266,1280,631,9,2186,2389
116,DeKalb,Montgomery Elem,2490,1978,79.44 %,273,400,201,0,874,151,528,418,2,1099,1973,263,394,192,0,849,162,534,428,2,1126,1975,279,406,216,0,901,143,516,394,2,1055,1956
117,DeKalb,Miller Grove Road,2169,1409,64.96 %,14,24,15,0,53,242,669,437,7,1355,1408,12,19,14,0,45,244,674,439,7,1364,1409,13,26,15,0,54,242,661,427,7,1337,1391
118,DeKalb,Midvale Road,1843,1179,63.97 %,65,90,57,0,212,180,497,283,4,964,1176,61,89,55,0,205,185,498,285,4,972,1177,67,95,63,0,225,174,490,270,4,938,1163
119,DeKalb,Miller Grove High,3510,1620,46.15 %,10,22,6,0,38,350,813,401,14,1578,1616,10,22,6,0,38,351,814,400,14,1579,1617,13,21,10,1,45,348,808,391,12,1559,1604
120,DeKalb,North Decatur,2178,1300,59.69 %,59,44,67,1,171,186,477,461,4,1128,1299,51,44,62,1,158,194,477,464,4,1139,1297,53,45,65,1,164,188,473,448,4,1113,1277
121,DeKalb,North Hairston,2373,1347,56.76 %,40,44,36,0,120,260,585,374,4,1223,1343,37,40,35,0,112,263,592,375,4,1234,1346,39,47,40,0,126,258,579,361,4,1202,1328
122,DeKalb,Northlake,1528,1223,80.04 %,141,109,107,0,357,148,381,336,1,866,1223,133,104,99,0,336,154,384,340,1,879,1215,143,111,112,1,367,144,371,319,0,834,1201
123,DeKalb,North Peachtree,1935,1128,58.29 %,130,145,83,1,359,150,388,227,3,768,1127,119,142,79,0,340,161,392,230,4,787,1127,127,157,97,1,382,150,372,209,3,734,1116
124,DeKalb,Oak Grove Elem,2286,1825,79.83 %,221,233,148,0,602,176,544,499,0,1219,1821,213,229,142,0,584,183,550,506,0,1239,1823,223,260,156,0,639,166,512,477,0,1155,1794
125,DeKalb,Oakcliff Elem,2150,1144,53.21 %,123,87,69,0,279,263,364,229,4,860,1139,125,90,68,0,283,263,361,230,4,858,1141,121,96,80,0,297,266,355,211,4,836,1133
126,DeKalb,Oakhurst,2428,2033,83.73 %,69,79,48,0,196,176,994,661,5,1836,2032,58,69,40,0,167,186,1004,669,5,1864,2031,61,94,50,0,205,179,973,652,5,1809,2014
127,DeKalb,Oak View Elem,5090,2812,55.25 %,12,21,14,0,47,444,1654,651,12,2761,2808,12,18,15,0,45,445,1658,651,12,2766,2811,13,29,15,0,57,440,1643,647,11,2741,2798
128,DeKalb,Peachcrest,2497,1269,50.82 %,33,42,27,0,102,211,553,393,6,1163,1265,32,40,25,0,97,213,554,396,6,1169,1266,37,44,27,0,108,206,548,389,6,1149,1257
129,DeKalb,Peachtree Middle,3528,2237,63.41 %,166,263,155,2,586,285,872,491,3,1651,2237,158,258,152,2,570,292,877,493,3,1665,2235,166,275,163,2,606,280,856,467,2,1605,2211
130,DeKalb,Princeton Elem,2426,1503,61.95 %,12,32,12,0,56,242,774,413,16,1445,1501,7,33,12,0,52,247,773,413,16,1449,1501,7,33,8,0,48,246,771,414,15,1446,1494
131,DeKalb,Pine Lake,647,464,71.72 %,37,6,6,1,50,247,108,59,0,414,464,38,5,6,1,50,246,109,59,0,414,464,38,6,7,1,52,246,107,58,0,411,463
132,DeKalb,Pleasantdale Road,4594,2184,47.54 %,102,137,92,4,335,486,832,510,17,1845,2180,108,132,87,4,331,479,839,516,17,1851,2182,108,141,92,2,343,478,823,498,14,1813,2156
133,DeKalb,Ponce de Leon,3896,2673,68.61 %,66,95,117,0,278,163,848,1374,3,2388,2666,65,97,111,0,273,161,847,1382,3,2393,2666,68,105,70,0,243,159,834,718,3,1714,1957
134,DeKalb,Panola,1603,949,59.20 %,17,20,16,0,53,157,417,316,5,895,948,16,18,15,0,49,158,419,317,5,899,948,15,19,16,1,51,158,418,313,3,892,943
135,DeKalb,Panola Way Elem,2282,1060,46.45 %,9,7,16,0,32,235,524,262,4,1025,1057,6,7,16,0,29,238,524,264,4,1030,1059,9,8,20,0,37,235,520,256,3,1014,1051
136,DeKalb,Piney Grove,2060,1055,51.21 %,18,24,9,1,52,206,491,299,2,998,1050,18,20,7,0,45,207,494,302,2,1005,1050,22,24,14,1,61,199,489,289,2,979,1040
137,DeKalb,Panola Road,2931,1736,59.23 %,11,12,8,0,31,255,937,505,6,1703,1734,11,11,7,0,29,256,937,507,6,1706,1735,13,12,7,0,32,252,934,499,6,1691,1723
138,DeKalb,Rainbow Elem,3833,2345,61.18 %,13,32,26,0,71,351,1134,782,5,2272,2343,12,30,25,0,67,353,1135,783,5,2276,2343,12,41,31,0,84,353,1120,774,4,2251,2335
139,DeKalb,Redan Elem,3031,1910,63.02 %,15,21,9,0,45,273,1070,513,6,1862,1907,15,23,8,0,46,273,1070,513,6,1862,1908,11,28,17,0,56,274,1059,497,6,1836,1892
140,DeKalb,Rehoboth,1827,1407,77.01 %,132,133,159,3,427,110,394,475,1,980,1407,135,131,148,3,417,107,396,485,1,989,1406,139,134,154,2,429,99,386,464,1,950,1379
141,DeKalb,Rockbridge Elem,3653,1788,48.95 %,42,47,32,0,121,395,810,443,18,1666,1787,41,45,32,0,118,395,813,441,18,1667,1785,50,45,30,0,125,386,811,432,17,1646,1771
142,DeKalb,Rock Chapel Elem,2941,1769,60.15 %,12,22,17,0,51,306,961,441,9,1717,1768,11,23,16,0,50,307,961,442,9,1719,1769,12,25,14,0,51,305,956,440,8,1709,1760
143,DeKalb,Rowland Elem,3822,1848,48.35 %,35,41,30,0,106,373,817,540,7,1737,1843,33,34,28,0,95,377,824,542,7,1750,1845,35,42,30,0,107,368,814,533,7,1722,1829
144,DeKalb,Redan-Trotti Library,4050,2274,56.15 %,15,25,14,1,55,325,1159,721,11,2216,2271,14,21,16,1,52,326,1165,720,11,2222,2274,13,23,17,1,54,324,1154,708,10,2196,2250
145,DeKalb,Rockbridge Road,3990,2772,69.47 %,35,43,23,1,102,387,1383,882,15,2667,2769,33,42,23,1,99,389,1384,884,15,2672,2771,33,44,27,1,105,389,1380,876,15,2660,2765
146,DeKalb,Rowland Road,2131,1268,59.50 %,39,20,35,0,94,253,557,355,7,1172,1266,37,21,39,0,97,255,555,352,7,1169,1266,38,24,36,0,98,251,552,351,7,1161,1259
147,DeKalb,Redan Road,2982,1619,54.29 %,21,13,21,0,55,257,825,473,9,1564,1619,19,15,19,0,53,259,823,475,9,1566,1619,24,19,22,0,65,254,813,462,9,1538,1603
148,DeKalb,Rock Chapel Road,4272,2701,63.23 %,39,72,68,0,179,267,1566,660,24,2517,2696,39,72,67,0,178,267,1567,664,24,2522,2700,40,76,70,0,186,265,1558,653,22,2498,2684
149,DeKalb,Redan Middle,2530,1583,62.57 %,24,25,22,0,71,201,826,475,9,1511,1582,21,24,22,0,67,204,827,474,9,1514,1581,18,25,23,0,66,206,822,466,8,1502,1568
150,DeKalb,Sagamore Hills Elem,2948,2488,84.40 %,261,317,253,1,832,200,711,744,0,1655,2487,242,304,238,1,785,215,723,757,0,1695,2480,274,323,278,1,876,181,700,698,0,1579,2455
151,DeKalb,Scott,2862,2052,71.70 %,98,127,123,1,349,166,660,869,7,1702,2051,96,121,116,1,334,168,665,877,6,1716,2050,101,126,125,1,353,160,656,857,6,1679,2032
152,DeKalb,Shaw-Robert Shaw Elem,2950,1746,59.19 %,55,45,34,2,136,320,744,538,2,1604,1740,56,42,27,2,127,320,748,546,2,1616,1743,63,54,34,2,153,307,729,531,1,1568,1721
153,DeKalb,Stone Mountain Elem,2380,1529,64.24 %,48,114,225,0,387,179,463,493,3,1138,1525,45,113,215,0,373,183,464,500,3,1150,1523,47,106,226,0,379,181,463,467,3,1114,1493
154,DeKalb,Silver Lake,5063,3444,68.02 %,426,858,292,8,1584,266,894,688,4,1852,3436,418,847,278,7,1550,275,908,702,5,1890,3440,436,889,303,8,1636,243,855,653,4,1755,3391
155,DeKalb,Skyland,2122,1558,73.42 %,288,299,112,2,701,145,416,291,1,853,1554,287,285,113,2,687,148,429,290,1,868,1555,299,305,120,2,726,129,408,268,1,806,1532
156,DeKalb,Snapfinger Elem,1898,1287,67.81 %,17,14,8,0,39,188,596,457,4,1245,1284,15,13,8,0,36,191,597,458,4,1250,1286,16,18,7,0,41,189,587,451,4,1231,1272
157,DeKalb,Smoke Rise,2132,1663,78.00 %,192,279,168,0,639,150,469,401,1,1021,1660,189,277,165,0,631,152,469,402,1,1024,1655,187,281,173,0,641,152,463,376,1,992,1633
158,DeKalb,Stone Mtn Middle,3323,1187,35.72 %,30,30,35,1,96,293,492,295,8,1088,1184,28,27,35,1,91,295,496,297,8,1096,1187,32,31,36,1,100,291,484,292,7,1074,1174
159,DeKalb,Stone Mill Elem,3800,1401,36.87 %,25,26,28,0,79,380,563,359,17,1319,1398,25,24,26,1,76,379,565,361,16,1321,1397,27,23,29,0,79,375,564,349,17,1305,1384
160,DeKalb,Shadow Rock Elem,4395,2875,65.42 %,23,36,38,1,98,331,1537,893,15,2776,2874,21,33,36,1,91,334,1540,894,15,2783,2874,23,39,36,1,99,329,1528,879,15,2751,2850
161,DeKalb,Stoneview Elem,2016,879,43.60 %,15,21,11,0,47,200,402,218,11,831,878,14,19,13,0,46,201,405,216,10,832,878,18,19,13,0,50,196,401,208,10,815,865
162,DeKalb,Salem Middle,3568,2450,68.67 %,18,24,20,0,62,324,1342,714,5,2385,2447,16,27,19,0,62,326,1340,715,5,2386,2448,18,33,22,0,73,323,1327,708,5,2363,2436
163,DeKalb,Shamrock,1624,1289,79.37 %,95,119,93,1,308,142,379,456,3,980,1288,86,118,93,1,298,150,381,456,3,990,1288,94,119,105,0,318,142,374,429,3,948,1266
164,DeKalb,South Deshon,3499,2126,60.76 %,20,23,14,0,57,344,1140,570,14,2068,2125,21,21,11,0,53,344,1142,573,14,2073,2126,21,25,17,0,63,344,1132,556,13,2045,2108
165,DeKalb,Stone Mtn Champion,3167,1580,49.89 %,64,43,41,0,148,360,663,398,6,1427,1575,64,40,41,0,145,362,665,399,6,1432,1577,64,43,35,0,142,358,658,395,6,1417,1559
166,DeKalb,Stone Mtn,1731,910,52.57 %,50,77,36,0,163,182,276,279,6,743,906,48,73,32,0,153,184,280,286,6,756,909,48,73,33,0,154,181,276,275,6,738,892
167,DeKalb,Snapfinger Road N,2741,1418,51.73 %,11,21,13,0,45,311,611,443,4,1369,1414,10,20,13,0,43,313,612,446,4,1375,1418,9,20,16,0,45,312,607,440,4,1363,1408
168,DeKalb,Snapfinger Road S,1988,1320,66.40 %,28,14,12,0,54,196,676,386,6,1264,1318,24,13,11,0,48,200,678,387,6,1271,1319,26,23,11,1,61,198,665,384,5,1252,1313
169,DeKalb,Stephenson Middle,3863,2455,63.55 %,44,45,32,0,121,364,1269,688,11,2332,2453,41,44,30,0,115,367,1270,690,11,2338,2453,46,48,31,0,125,363,1263,680,10,2316,2441
170,DeKalb,South Hairston,3880,2093,53.94 %,22,34,18,0,74,402,993,610,11,2016,2090,23,33,15,0,71,403,995,609,11,2018,2089,23,35,22,0,80,398,988,590,10,1986,2066
171,DeKalb,Stephenson High,3592,2287,63.67 %,28,61,25,0,114,350,1099,709,11,2169,2283,29,63,23,0,115,348,1099,711,12,2170,2285,27,63,24,0,114,347,1097,704,10,2158,2272
172,DeKalb,Stonecrest Library,3812,2169,56.90 %,18,28,15,0,61,280,1360,453,13,2106,2167,17,23,11,0,51,279,1365,457,13,2114,2165,18,30,14,0,62,279,1355,447,12,2093,2155
173,DeKalb,Snapfinger Road,4922,3520,71.52 %,14,48,17,0,79,326,2175,927,8,3436,3515,12,46,16,0,74,328,2178,928,8,3442,3516,16,53,17,0,86,321,2166,914,7,3408,3494
174,DeKalb,Terry Mill,2858,1846,64.59 %,26,36,14,1,77,303,921,531,6,1761,1838,24,34,11,1,70,306,925,536,6,1773,1843,31,36,19,0,86,297,920,521,7,1745,1831
175,DeKalb,Toney Elem,1753,969,55.28 %,11,8,8,0,27,190,405,340,3,938,965,11,8,9,0,28,191,406,340,3,940,968,13,13,11,0,37,188,398,323,3,912,949
176,DeKalb,Tucker Library,3538,2630,74.34 %,241,479,256,0,976,149,889,611,2,1651,2627,231,465,247,0,943,160,903,621,2,1686,2629,236,498,265,0,999,149,863,587,2,1601,2600
177,DeKalb,Tilly Mill Road,1561,1225,78.48 %,216,281,120,0,617,73,318,213,2,606,1223,209,268,114,0,591,78,330,221,2,631,1222,216,296,127,0,639,68,295,196,2,561,1200
178,DeKalb,Tucker,2976,2037,68.45 %,125,290,188,3,606,171,728,529,2,1430,2036,124,282,180,3,589,172,736,532,2,1442,2031,128,303,199,3,633,163,708,501,2,1374,2007
179,DeKalb,Valley Brook,1044,764,73.18 %,57,40,44,0,141,154,237,230,0,621,762,56,39,44,0,139,156,238,230,0,624,763,66,43,46,0,155,144,234,218,0,596,751
180,DeKalb,Wadsworth,3191,1793,56.19 %,26,15,18,0,59,365,780,577,3,1725,1784,23,12,16,0,51,368,787,581,3,1739,1790,28,17,21,0,66,360,774,562,3,1699,1765
181,DeKalb,Wesley Chapel Library,2945,2020,68.59 %,6,23,16,0,45,272,1065,633,2,1972,2017,5,19,14,0,38,272,1070,634,2,1978,2016,6,30,18,0,54,271,1054,622,2,1949,2003
182,DeKalb,Woodrow Road,3517,1763,50.13 %,21,39,25,0,85,308,945,412,10,1675,1760,19,34,24,0,77,310,950,414,10,1684,1761,18,37,25,0,80,310,942,407,10,1669,1749
183,DeKalb,Winnona Park,2044,1677,82.05 %,53,96,55,0,204,85,863,522,2,1472,1676,50,97,52,0,199,89,862,525,2,1478,1677,57,109,63,1,230,81,844,502,1,1428,1658
184,DeKalb,Woodridge Elem,3904,2127,54.48 %,23,42,36,2,103,347,958,700,14,2019,2122,18,43,34,1,96,352,958,705,15,2030,2126,17,46,38,0,101,351,949,693,16,2009,2110
185,DeKalb,Warren Tech,1377,849,61.66 %,105,66,62,1,234,183,250,178,2,613,847,99,65,60,1,225,189,251,180,2,622,847,108,67,68,1,244,177,246,167,2,592,836
186,DeKalb,Woodward,3305,2192,66.32 %,127,250,150,2,529,222,766,673,1,1662,2191,125,246,143,2,516,224,769,677,1,1671,2187,129,261,168,2,560,218,752,639,1,1610,2170
187,DeKalb,White Oak,3007,1419,47.19 %,14,9,8,0,31,344,648,384,10,1386,1417,13,8,8,0,29,343,649,385,10,1387,1416,15,12,9,0,36,339,644,382,10,1375,1411
188,DeKalb,Winters Chapel,1452,1155,79.55 %,185,249,112,0,546,91,293,223,0,607,1153,184,247,107,0,538,91,296,228,0,615,1153,193,254,109,0,556,81,289,214,0,584,1140
189,DeKalb,Wynbrooke Elem,3545,2458,69.34 %,40,49,30,0,119,361,1206,763,6,2336,2455,36,45,28,0,109,366,1211,764,6,2347,2456,42,50,36,0,128,357,1206,749,6,2318,2446
190,DeKalb,Young Road,1961,1301,66.34 %,12,21,11,0,44,151,699,402,3,1255,1299,11,18,11,0,40,153,703,402,3,1261,1301,12,21,13,0,46,151,700,393,3,1247,1293
0,Decatur,Mt Pleasant,578,413,71.45 %,207,127,29,0,363,9,26,14,1,50,413,206,127,29,0,362,7,26,14,1,48,410,205,122,26,0,353,8,24,14,1,47,400
1,Decatur,Recovery,693,447,64.50 %,181,111,53,0,345,15,33,53,0,101,446,180,111,56,0,347,16,33,51,0,100,447,178,109,55,0,342,16,33,51,0,100,442
2,Decatur,Kendrick,581,336,57.83 %,145,96,14,0,255,22,28,30,0,80,335,145,97,14,0,256,23,27,30,0,80,336,142,96,14,0,252,24,25,30,0,79,331
3,Decatur,Climax,1003,678,67.60 %,252,210,34,1,497,45,80,56,0,181,678,255,211,35,1,502,42,78,55,0,175,677,250,208,36,1,495,42,77,54,0,173,668
4,Decatur,Brinson,866,529,61.09 %,194,178,45,1,418,25,57,28,0,110,528,194,178,45,1,418,25,56,28,0,109,527,192,174,45,0,411,26,55,27,0,108,519
5,Decatur,West Bainbridge,2331,1264,54.23 %,220,381,75,3,679,138,291,151,1,581,1260,222,382,74,3,681,137,290,153,1,581,1262,223,380,73,3,679,133,285,153,1,572,1251
6,Decatur,Bainbridge-Coliseum,5802,3462,59.67 %,615,1245,249,0,2109,276,701,364,2,1343,3452,615,1247,246,0,2108,276,701,365,2,1344,3452,615,1236,248,0,2099,271,684,356,2,1313,3412
7,Decatur,BDGE-Fairgrounds,3415,1804,52.83 %,346,423,73,3,845,241,437,278,1,957,1802,347,424,72,3,846,241,435,279,1,956,1802,342,426,76,3,847,240,428,270,1,939,1786
8,Decatur,Attapulgus,1854,1137,61.33 %,179,162,66,1,408,194,268,260,2,724,1132,176,162,67,1,406,197,269,260,2,728,1134,175,163,65,1,404,193,265,258,2,718,1122
0,Dodge,Chauncey,416,266,63.94 %,143,50,19,0,212,35,13,6,0,54,266,143,51,19,0,213,35,12,6,0,53,266,142,50,20,0,212,33,12,5,0,50,262
1,Dodge,Clark,113,69,61.06 %,55,7,5,0,67,1,1,0,0,2,69,55,7,5,0,67,1,1,0,0,2,69,53,8,5,0,66,1,0,0,0,1,67
2,Dodge,Eddin,1062,714,67.23 %,227,220,43,0,490,64,95,61,0,220,710,229,221,42,0,492,64,95,61,0,220,712,225,224,44,0,493,63,80,60,0,203,696
3,Dodge,Empire,460,286,62.17 %,166,76,17,0,259,10,9,7,0,26,285,167,76,18,0,261,9,9,6,0,24,285,166,76,18,0,260,9,9,6,0,24,284
4,Dodge,Jaybird,218,144,66.06 %,70,12,9,0,91,21,23,9,0,53,144,70,12,9,0,91,21,23,9,0,53,144,70,12,9,0,91,19,23,9,0,51,142
5,Dodge,Jones,455,277,60.88 %,126,83,20,0,229,17,17,13,0,47,276,126,84,20,0,230,17,17,13,0,47,277,124,84,21,0,229,16,16,12,0,44,273
6,Dodge,Lee,4890,2791,57.08 %,448,987,246,4,1685,248,590,259,1,1098,2783,448,982,239,4,1673,249,596,264,1,1110,2783,447,978,243,3,1671,238,570,246,0,1054,2725
7,Dodge,McCranie,295,211,71.53 %,107,56,14,0,177,10,18,6,0,34,211,108,56,14,0,178,9,18,6,0,33,211,105,57,15,0,177,9,16,5,0,30,207
8,Dodge,Milan,348,219,62.93 %,119,41,15,0,175,20,9,13,0,42,217,121,41,15,0,177,19,9,13,0,41,218,118,41,15,0,174,19,9,12,0,40,214
9,Dodge,Mitchell,343,248,72.30 %,122,61,11,0,194,13,24,16,0,53,247,122,61,11,0,194,14,24,16,0,54,248,118,62,11,0,191,11,21,15,0,47,238
10,Dodge,Mullis,516,332,64.34 %,171,50,41,0,262,39,14,17,0,70,332,170,50,41,0,261,40,14,17,0,71,332,173,49,41,0,263,32,14,14,0,60,323
11,Dodge,Plainfield,466,319,68.45 %,162,97,21,0,280,10,12,17,0,39,319,162,96,21,0,279,10,13,17,0,40,319,160,95,21,0,276,9,11,17,0,37,313
12,Dodge,Pondtown,698,483,69.20 %,213,107,47,0,367,42,34,39,0,115,482,212,107,48,0,367,42,34,39,0,115,482,209,107,46,0,362,37,33,36,0,106,468
13,Dodge,Rawlins,943,552,58.54 %,181,196,36,0,413,36,61,40,0,137,550,180,199,34,0,413,37,59,42,0,138,551,178,198,37,0,413,37,55,38,0,130,543
14,Dodge,Vilula,176,131,74.43 %,95,27,3,0,125,2,0,4,0,6,131,95,27,3,0,125,1,0,4,0,5,130,95,26,3,0,124,1,0,4,0,5,129
15,Dodge,Yonker,263,154,58.56 %,105,26,8,0,139,7,5,3,0,15,154,104,27,8,0,139,8,4,3,0,15,154,100,27,8,0,135,7,4,3,0,14,149
0,Dooly,Lilly,0,330,0.00 %,63,72,13,1,149,70,72,38,0,180,329,64,72,13,1,150,69,72,37,0,178,328,66,71,13,1,151,62,69,38,0,169,320
1,Dooly,Byromville,625,410,65.60 %,110,71,22,0,203,80,69,56,1,206,409,111,71,21,0,203,80,69,57,1,207,410,110,71,22,0,203,78,63,56,1,198,401
2,Dooly,Unadilla,1664,1003,60.28 %,214,210,58,1,483,185,199,134,0,518,1001,219,210,57,1,487,180,201,134,0,515,1002,210,205,59,1,475,174,193,132,0,499,974
3,Dooly,Vienna,2768,1654,59.75 %,187,578,69,3,837,183,436,188,1,808,1645,183,573,66,3,825,186,443,191,1,821,1646,187,565,71,3,826,175,429,178,1,783,1609
4,Dooly,Pinehurst,476,358,75.21 %,125,108,33,0,266,37,34,19,0,90,356,126,108,33,0,267,37,35,19,0,91,358,126,106,33,0,265,34,35,16,0,85,350
0,Dougherty,Palmyra Methodist,2858,1464,51.22 %,402,183,140,0,725,230,280,226,1,737,1462,399,185,142,0,726,231,278,224,1,734,1460,401,189,142,0,732,225,270,204,1,700,1432
1,Dougherty,Sherwood Elementary,3336,1715,51.41 %,330,146,140,0,616,390,420,285,0,1095,1711,332,146,136,0,614,391,418,288,0,1097,1711,329,147,136,0,612,384,413,281,0,1078,1690
2,Dougherty,Covenant Church,2406,1272,52.87 %,333,128,116,0,577,251,252,191,0,694,1271,331,129,119,0,579,253,252,188,0,693,1272,327,127,121,0,575,251,248,184,0,683,1258
3,Dougherty,Greenbriar Church,3947,2759,69.90 %,629,452,242,0,1323,288,633,514,1,1436,2759,626,452,241,0,1319,291,633,512,1,1437,2756,627,452,255,0,1334,280,627,484,1,1392,2726
4,Dougherty,Westover High School,3508,2290,65.28 %,414,306,196,0,916,345,664,362,1,1372,2288,419,305,195,0,919,342,665,363,1,1371,2290,414,308,202,0,924,339,651,349,1,1340,2264
5,Dougherty,Merry Acres Middle,2501,1479,59.14 %,426,198,143,0,767,212,296,204,0,712,1479,424,200,144,0,768,214,294,203,0,711,1479,421,203,148,0,772,213,290,194,0,697,1469
6,Dougherty,Darton College,4419,2321,52.52 %,181,182,91,1,455,474,859,529,1,1863,2318,179,176,90,1,446,476,865,532,1,1874,2320,173,188,94,1,456,475,847,517,1,1840,2296
7,Dougherty,Westtown Elementary,3392,1810,53.36 %,30,21,24,0,75,490,653,586,0,1729,1804,31,21,25,0,77,491,654,586,0,1731,1808,33,21,28,0,82,488,649,581,0,1718,1800
8,Dougherty,2nd Mt Zion Church,1484,919,61.93 %,300,106,93,0,499,114,140,163,0,417,916,303,103,92,0,498,112,141,164,0,417,915,296,105,90,0,491,111,137,160,0,408,899
9,Dougherty,Mt Zion Center,3890,1653,42.49 %,8,9,4,0,21,488,617,525,1,1631,1652,8,6,2,0,16,488,620,527,1,1636,1652,10,8,11,0,29,480,609,508,0,1597,1626
10,Dougherty,Alice Coachman Elementary,770,478,62.08 %,2,0,3,0,5,127,168,175,0,470,475,4,0,2,0,6,127,168,176,0,471,477,4,0,2,0,6,126,167,175,0,468,474
11,Dougherty,Carver Teen Center,1806,640,35.44 %,10,3,2,1,16,240,170,210,0,620,636,7,2,1,1,11,243,172,213,0,628,639,7,6,3,1,17,240,169,209,0,618,635
12,Dougherty,Shiloh Baptist Church,1614,621,38.48 %,11,6,5,0,22,226,188,178,1,593,615,11,6,5,0,22,228,187,179,1,595,617,16,13,5,0,34,221,180,178,1,580,614
13,Dougherty,Litman Cathedral,1558,627,40.24 %,12,5,5,0,22,257,181,163,1,602,624,13,4,5,0,22,255,183,164,1,603,625,16,7,4,0,27,251,176,160,1,588,615
14,Dougherty,Phoebe Healthworks,1700,604,35.53 %,64,23,20,0,107,181,145,167,1,494,601,64,25,20,0,109,177,144,169,1,491,600,65,25,21,0,111,175,140,165,1,481,592
15,Dougherty,Turner Elementary,1236,234,18.93 %,6,2,3,0,11,96,67,58,1,222,233,6,2,3,0,11,96,68,58,1,223,234,6,2,4,0,12,95,68,52,1,216,228
16,Dougherty,Jackson Heights Elementary,2650,1052,39.70 %,7,6,3,1,17,353,362,314,1,1030,1047,4,6,1,1,12,357,363,317,1,1038,1050,10,6,3,1,20,343,361,309,1,1014,1034
17,Dougherty,Bill Miller Center,2515,1012,40.24 %,33,19,23,0,75,305,383,245,1,934,1009,33,20,20,0,73,305,384,247,1,937,1010,38,22,20,0,80,297,377,243,1,918,998
18,Dougherty,Radium Middle School,698,404,57.88 %,76,18,21,0,115,101,120,67,0,288,403,75,18,22,0,115,102,120,66,0,288,403,76,19,21,0,116,100,118,66,0,284,400
19,Dougherty,Putney 1st Baptist Church,2864,1614,56.35 %,518,142,91,0,751,258,342,260,1,861,1612,518,142,91,0,751,257,343,260,1,861,1612,515,141,90,0,746,251,341,256,1,849,1595
20,Dougherty,International Studies,1055,583,55.26 %,85,35,20,0,140,108,190,144,0,442,582,87,36,20,0,143,107,189,144,0,440,583,87,37,18,0,142,107,187,142,0,436,578
21,Dougherty,Phoebe East,3099,1210,39.04 %,82,26,42,0,150,401,387,269,1,1058,1208,82,24,42,0,148,399,388,270,1,1058,1206,89,31,45,0,165,390,379,261,1,1031,1196
22,Dougherty,Pine Bluff Baptist Church,2281,1207,52.92 %,208,88,72,0,368,225,339,271,1,836,1204,207,91,72,0,370,227,337,272,1,837,1207,204,86,70,0,360,228,337,270,1,836,1196
23,Dougherty,Albany Middle School,2031,896,44.12 %,24,16,11,0,51,311,297,232,0,840,891,23,17,10,0,50,314,298,233,0,845,895,29,22,15,0,66,306,285,223,0,814,880
24,Dougherty,Christ Church,1903,1462,76.83 %,556,208,141,1,906,128,230,194,0,552,1458,555,208,142,1,906,128,230,194,0,552,1458,553,212,146,1,912,123,225,188,0,536,1448
25,Dougherty,Lamar Reese Elementary,1109,639,57.62 %,18,7,6,0,31,162,220,224,0,606,637,18,7,6,0,31,163,220,224,0,607,638,19,8,6,0,33,160,214,221,0,595,628
26,Dougherty,1st Christian Church,1536,1022,66.54 %,315,145,118,0,578,130,196,118,0,444,1022,312,143,118,0,573,133,198,118,0,449,1022,316,148,123,0,587,124,189,111,0,424,1011
27,Dougherty,Lovett Hall,1133,174,15.36 %,5,1,1,0,7,54,54,59,0,167,174,5,0,0,0,5,54,55,60,0,169,174,6,4,0,0,10,53,51,60,0,164,174
0,Douglas,Mirror Lake Elementary,6868,4174,60.77 %,589,851,265,3,1708,516,1009,934,4,2463,4171,586,840,265,3,1694,519,1018,934,4,2475,4169,604,875,274,3,1756,499,975,867,4,2345,4101
1,Douglas,Winston,1939,1160,59.82 %,144,234,79,0,457,171,365,167,0,703,1160,143,232,77,0,452,172,365,169,0,706,1158,147,236,86,0,469,166,357,159,0,682,1151
2,Douglas,Dog River Library,5005,3532,70.57 %,611,1673,276,0,2560,106,526,338,0,970,3530,610,1662,271,0,2543,107,536,343,0,986,3529,618,1690,294,0,2602,98,499,311,0,908,3510
3,Douglas,Atlanta West Pentecostal,4169,1863,44.69 %,66,68,46,0,180,493,750,438,1,1682,1862,62,72,44,0,178,497,747,440,1,1685,1863,64,75,47,0,186,492,740,433,1,1666,1852
4,Douglas,Ephesus Baptist Church,3985,2766,69.41 %,669,1117,248,0,2034,135,320,272,1,728,2762,669,1108,249,0,2026,135,328,273,1,737,2763,673,1127,263,0,2063,126,303,243,1,673,2736
5,Douglas,Prays Mill Gym,5523,3534,63.99 %,490,1128,315,0,1933,271,781,546,1,1599,3532,488,1121,314,0,1923,273,787,548,1,1609,3532,490,1155,319,0,1964,264,741,528,1,1534,3498
6,Douglas,Turner,3907,2252,57.64 %,281,424,204,1,910,306,611,418,2,1337,2247,279,425,203,1,908,307,609,421,2,1339,2247,280,429,207,1,917,303,602,411,2,1318,2235
7,Douglas,First Baptist Lithia Springs,1989,1127,56.66 %,142,247,111,1,501,169,261,195,0,625,1126,137,242,110,1,490,173,266,196,0,635,1125,140,245,113,1,499,167,253,191,0,611,1110
8,Douglas,Lithia Springs High School,6127,3711,60.57 %,119,294,115,0,528,510,1722,942,6,3180,3708,118,294,109,0,521,510,1723,948,6,3187,3708,125,312,120,0,557,501,1699,927,6,3133,3690
9,Douglas,Deer Lick,3100,1668,53.81 %,130,401,95,1,627,204,574,258,2,1038,1665,131,393,95,1,620,203,582,259,2,1046,1666,132,397,96,1,626,200,570,253,2,1025,1651
10,Douglas,Golden Methodist Church,5737,3154,54.98 %,92,174,86,1,353,537,1453,807,2,2799,3152,88,170,82,1,341,541,1454,809,2,2806,3147,94,186,88,1,369,531,1434,796,2,2763,3132
11,Douglas,Old Courthouse,5736,2935,51.17 %,138,486,217,0,841,395,1013,678,3,2089,2930,134,484,212,0,830,399,1012,683,3,2097,2927,146,498,224,0,868,387,988,652,3,2030,2898
12,Douglas,Beulah Baptist Church,3540,2106,59.49 %,337,435,204,1,977,249,530,349,0,1128,2105,337,430,201,1,969,249,534,349,0,1132,2101,337,444,206,1,988,246,508,334,0,1088,2076
13,Douglas,Stewart,3249,1815,55.86 %,41,136,35,0,212,353,777,465,2,1597,1809,42,129,34,0,205,352,785,467,2,1606,1811,48,139,37,0,224,346,769,463,2,1580,1804
14,Douglas,Arbor Station,3022,1731,57.28 %,179,220,103,0,502,284,617,322,3,1226,1728,168,215,100,0,483,295,625,324,3,1247,1730,177,240,102,0,519,284,595,310,3,1192,1711
15,Douglas,Bright Star,2727,1609,59.00 %,294,441,137,0,872,169,312,256,0,737,1609,285,437,133,0,855,178,316,260,0,754,1609,290,444,134,0,868,171,303,251,0,725,1593
16,Douglas,Dorsett Shoals,3951,2140,54.16 %,328,601,180,1,1110,219,426,378,3,1026,2136,319,599,177,1,1096,229,430,382,3,1044,2140,334,607,180,1,1122,213,417,367,3,1000,2122
17,Douglas,Chapel Hill,4089,2704,66.13 %,185,374,97,1,657,369,1065,611,0,2045,2702,181,373,89,1,644,374,1066,618,0,2058,2702,191,388,99,1,679,361,1050,598,0,2009,2688
18,Douglas,Church At Chapel Hill,6405,4254,66.42 %,274,713,184,1,1172,515,1717,843,1,3076,4248,276,706,183,0,1165,514,1727,845,2,3088,4253,280,738,188,0,1206,505,1682,825,2,3014,4220
19,Douglas,Chestnut Log,4096,2501,61.06 %,156,310,105,0,571,346,1025,551,0,1922,2493,157,303,102,0,562,346,1034,555,0,1935,2497,160,320,111,0,591,341,1012,539,0,1892,2483
20,Douglas,St Julians Episcopal,2263,1334,58.95 %,222,295,127,0,644,170,263,255,1,689,1333,221,292,127,0,640,171,267,255,1,694,1334,221,293,126,0,640,169,262,248,1,680,1320
21,Douglas,Lutheran Church-GS,4192,2885,68.82 %,287,493,173,2,955,286,1026,614,2,1928,2883,285,483,170,2,940,288,1036,617,2,1943,2883,283,516,192,2,993,282,998,592,2,1874,2867
22,Douglas,First Baptist Douglasville,2490,1772,71.16 %,178,339,164,0,681,161,545,381,1,1088,1769,177,339,161,0,677,163,545,386,1,1095,1772,180,353,171,0,704,160,524,365,1,1050,1754
23,Douglas,Factory Shoals,4466,2977,66.66 %,174,394,111,1,680,305,1356,633,0,2294,2974,174,393,106,1,674,305,1357,637,0,2299,2973,175,407,109,1,692,302,1336,619,0,2257,2949
24,Douglas,Boundary Waters,4321,2736,63.32 %,57,213,35,0,305,346,1566,516,1,2429,2734,61,211,35,0,307,342,1569,515,1,2427,2734,60,228,45,0,333,342,1548,501,1,2392,2725
0,Early,Arlington,918,603,65.69 %,131,94,31,0,256,126,96,122,0,344,600,132,96,31,0,259,125,94,122,0,341,600,132,96,31,0,259,124,92,120,0,336,595
1,Early,Blakely,3518,1982,56.34 %,198,395,111,0,704,475,530,269,0,1274,1978,198,394,115,0,707,475,531,266,0,1272,1979,199,403,114,0,716,465,502,259,0,1226,1942
2,Early,Cedar Springs,1146,741,64.66 %,287,208,59,0,554,35,74,76,0,185,739,289,209,58,0,556,34,74,77,0,185,741,284,205,54,0,543,35,74,78,0,187,730
3,Early,Cuba,1199,755,62.97 %,214,222,37,0,473,65,116,100,0,281,754,214,223,36,0,473,65,114,100,0,279,752,215,219,37,0,471,62,113,97,0,272,743
4,Early,Urquhart,680,480,70.59 %,144,189,48,0,381,24,42,32,0,98,479,143,190,49,0,382,24,42,29,0,95,477,141,188,49,0,378,23,41,28,0,92,470
0,Echols,Statenville,2168,1189,54.84 %,347,633,75,2,1057,32,83,15,0,130,1187,343,638,75,2,1058,35,78,15,0,128,1186,340,635,71,2,1048,33,75,16,0,124,1172
0,Effingham,1A,2019,1322,65.48 %,519,435,79,0,1033,75,106,106,0,287,1320,520,436,80,0,1036,74,105,105,0,284,1320,524,436,80,0,1040,68,104,104,0,276,1316
1,Effingham,1B,3071,1895,61.71 %,741,707,131,0,1579,97,119,98,1,315,1894,746,708,132,0,1586,92,119,97,1,309,1895,743,709,130,0,1582,89,110,96,1,296,1878
2,Effingham,1C,1466,906,61.80 %,449,213,49,0,711,88,45,59,0,192,903,445,214,48,0,707,92,45,60,0,197,904,450,209,47,0,706,84,45,56,0,185,891
3,Effingham,1D,2075,1294,62.36 %,645,362,101,0,1108,64,53,67,0,184,1292,647,361,103,0,1111,62,54,66,0,182,1293,646,362,103,0,1111,59,49,59,0,167,1278
4,Effingham,2A,3133,2057,65.66 %,817,668,117,0,1602,138,182,135,0,455,2057,814,668,120,0,1602,141,181,132,0,454,2056,822,673,122,0,1617,128,171,124,0,423,2040
5,Effingham,2B,3064,1846,60.25 %,651,556,132,0,1339,159,208,140,0,507,1846,649,554,129,0,1332,158,209,143,0,510,1842,650,555,134,0,1339,151,206,131,0,488,1827
6,Effingham,2C,4769,2982,62.53 %,854,1042,217,0,2113,204,385,280,0,869,2982,857,1037,218,0,2112,201,387,277,0,865,2977,859,1045,224,0,2128,190,370,268,0,828,2956
7,Effingham,3A,1430,908,63.50 %,366,304,63,0,733,60,65,49,0,174,907,366,305,62,0,733,60,64,50,0,174,907,365,305,62,0,732,56,59,48,0,163,895
8,Effingham,3B,1573,1037,65.92 %,350,274,46,0,670,134,134,96,0,364,1034,347,272,47,0,666,139,134,95,0,368,1034,348,271,50,0,669,131,129,90,0,350,1019
9,Effingham,3C,2111,1261,59.73 %,407,482,79,0,968,71,163,56,0,290,1258,405,483,79,0,967,71,163,54,0,288,1255,406,477,79,0,962,69,156,52,0,277,1239
10,Effingham,3D,3191,1956,61.30 %,586,709,96,0,1391,167,242,154,2,565,1956,582,709,99,0,1390,171,241,151,2,565,1955,578,708,94,0,1380,169,231,149,2,551,1931
11,Effingham,4A,3811,2245,58.91 %,643,877,178,0,1698,133,246,164,1,544,2242,642,875,179,0,1696,134,248,163,1,546,2242,649,874,176,0,1699,123,241,157,1,522,2221
12,Effingham,4B,1912,1133,59.26 %,299,374,60,0,733,82,180,136,0,398,1131,301,370,63,0,734,80,184,133,0,397,1131,298,378,64,0,740,79,167,132,0,378,1118
13,Effingham,4C,2912,1677,57.59 %,540,709,107,0,1356,83,125,109,0,317,1673,541,712,112,0,1365,81,123,104,0,308,1673,548,702,111,0,1361,74,122,101,0,297,1658
14,Effingham,5A,2980,1805,60.57 %,561,685,128,1,1375,113,186,129,0,428,1803,560,684,130,1,1375,115,188,127,0,430,1805,562,682,128,1,1373,104,187,122,0,413,1786
15,Effingham,5B,4059,2395,59.00 %,614,746,126,0,1486,263,392,249,0,904,2390,617,748,127,0,1492,261,391,248,0,900,2392,619,749,131,0,1499,253,381,238,0,872,2371
16,Effingham,5C,1737,1141,65.69 %,332,383,70,0,785,88,152,114,0,354,1139,326,384,68,0,778,93,152,115,0,360,1138,333,386,71,0,790,84,144,111,0,339,1129
0,Elbert,Elberton,3888,2201,56.61 %,279,637,191,0,1107,230,483,374,0,1087,2194,279,642,191,0,1112,229,481,373,0,1083,2195,278,656,192,0,1126,227,455,359,0,1041,2167
1,Elbert,Longstreet,636,419,65.88 %,148,128,40,9,325,20,43,27,3,93,418,148,130,40,9,327,19,41,27,3,90,417,147,129,40,9,325,21,40,26,3,90,415
2,Elbert,Eliam,756,546,72.22 %,190,186,50,5,431,19,47,45,3,114,545,190,186,51,5,432,19,47,44,3,113,545,189,188,51,4,432,18,44,45,4,111,543
3,Elbert,Petersburg,380,281,73.95 %,130,76,26,1,233,9,13,24,2,48,281,129,75,28,0,232,10,13,22,3,48,280,132,76,27,0,235,7,13,22,3,45,280
4,Elbert,Wyche,1117,795,71.17 %,194,306,85,4,589,41,94,68,1,204,793,194,305,86,4,589,41,94,68,1,204,793,195,306,86,4,591,38,93,66,1,198,789
5,Elbert,Moss-Ruckersville,477,324,67.92 %,112,98,31,3,244,19,23,37,1,80,324,113,99,31,3,246,18,22,37,1,78,324,110,99,32,3,244,19,22,35,1,77,321
6,Elbert,Pike,1631,1035,63.46 %,259,322,75,5,661,50,136,178,8,372,1033,261,323,76,4,664,48,135,176,10,369,1033,263,320,75,4,662,44,135,175,9,363,1025
7,Elbert,Gaines,584,393,67.29 %,204,90,44,0,338,15,17,23,0,55,393,205,91,45,0,341,14,16,22,0,52,393,201,91,47,0,339,14,16,20,0,50,389
8,Elbert,Goshen,1661,1085,65.32 %,446,316,78,2,842,80,69,89,3,241,1083,447,316,79,2,844,78,69,88,3,238,1082,450,309,76,2,837,71,70,89,2,232,1069
9,Elbert,Webbsboro,419,292,69.69 %,105,82,29,5,221,21,27,19,1,68,289,102,82,28,5,217,23,29,20,1,73,290,103,82,29,5,219,21,29,19,1,70,289
10,Elbert,Centerville,1040,662,63.65 %,276,197,51,6,530,32,49,49,1,131,661,275,195,51,6,527,33,51,49,1,134,661,272,198,51,6,527,35,44,49,1,129,656
0,Emanuel,Oak Park,704,441,62.64 %,273,107,32,0,412,10,10,9,0,29,441,272,106,30,0,408,9,11,10,0,30,438,267,106,31,0,404,13,10,10,0,33,437
1,Emanuel,Cross-Green,246,170,69.11 %,37,17,5,0,59,66,22,21,0,109,168,37,19,4,0,60,66,21,22,0,109,169,37,17,7,0,61,63,21,19,0,103,164
2,Emanuel,Swainsboro,7174,4015,55.97 %,797,1270,375,4,2446,403,728,424,0,1555,4001,788,1270,372,4,2434,412,731,428,0,1571,4005,793,1274,369,3,2439,391,679,405,0,1475,3914
3,Emanuel,Summertown,519,336,64.74 %,158,66,27,0,251,33,22,30,0,85,336,158,66,27,0,251,33,21,30,0,84,335,159,66,26,0,251,30,21,30,0,81,332
4,Emanuel,Stillmore,629,349,55.48 %,151,64,16,0,231,50,39,27,0,116,347,150,64,14,0,228,51,40,28,0,119,347,141,62,18,0,221,50,38,25,0,113,334
5,Emanuel,Blundale,772,528,68.39 %,265,180,54,2,501,4,16,6,0,26,527,265,180,53,2,500,4,17,7,0,28,528,261,181,53,2,497,4,14,7,0,25,522
6,Emanuel,Canoochee,692,467,67.49 %,259,99,17,0,375,27,38,26,0,91,466,259,99,17,0,375,28,38,26,0,92,467,257,97,17,0,371,24,35,26,0,85,456
7,Emanuel,Garfield,502,338,67.33 %,184,65,21,0,270,16,20,31,0,67,337,184,65,20,0,269,15,20,32,0,67,336,183,67,23,0,273,16,18,29,0,63,336
8,Emanuel,Nunez,383,244,63.71 %,131,48,13,0,192,31,10,11,0,52,244,131,48,13,0,192,31,10,11,0,52,244,130,48,13,0,191,30,10,11,0,51,242
9,Emanuel,Twin City,1689,1000,59.21 %,366,224,64,0,654,125,123,97,0,345,999,366,221,64,0,651,125,126,97,0,348,999,362,221,63,0,646,120,120,95,0,335,981
10,Emanuel,Adrian,831,489,58.84 %,230,122,64,0,416,33,21,18,0,72,488,231,124,64,0,419,32,19,18,0,69,488,224,120,63,0,407,29,19,18,0,66,473
0,Evans,Veterans Community Center,6312,3748,59.38 %,688,1467,384,0,2539,282,619,297,0,1198,3737,686,1468,385,0,2539,282,622,297,0,1201,3740,695,1471,375,0,2541,264,577,287,0,1128,3669
0,Fannin,Colwell,1105,811,73.39 %,311,244,105,0,660,26,44,79,0,149,809,311,242,105,0,658,26,46,80,0,152,810,314,241,103,0,658,21,43,79,0,143,801
1,Fannin,Fairplay,1262,803,63.63 %,314,252,72,1,639,34,59,69,0,162,801,314,251,73,1,639,34,59,69,0,162,801,310,247,76,1,634,35,60,65,0,160,794
2,Fannin,Flinthill,3202,1892,59.09 %,752,571,292,2,1617,66,66,140,0,272,1889,751,571,291,2,1615,67,67,140,0,274,1889,741,560,287,2,1590,64,69,129,0,262,1852
3,Fannin,Hemptown,1336,890,66.62 %,397,232,95,0,724,33,58,74,0,165,889,392,233,91,0,716,37,58,77,0,172,888,397,240,98,0,735,31,50,68,0,149,884
4,Fannin,Hothouse,1290,869,67.36 %,324,262,123,2,711,23,60,73,0,156,867,322,262,122,2,708,24,61,75,0,160,868,319,265,124,2,710,25,56,70,0,151,861
5,Fannin,Mineral Bluff,1817,1271,69.95 %,433,451,191,1,1076,26,71,96,0,193,1269,431,449,180,1,1061,28,73,104,0,205,1266,427,449,191,1,1068,25,67,91,0,183,1251
6,Fannin,Mobile,1160,751,64.74 %,342,188,106,1,637,37,36,40,0,113,750,340,188,105,1,634,39,37,41,0,117,751,338,191,101,1,631,40,32,40,0,112,743
7,Fannin,Morganton,2067,1425,68.94 %,540,454,181,3,1178,50,101,96,0,247,1425,533,454,182,3,1172,56,100,95,0,251,1423,535,453,175,3,1166,47,94,93,0,234,1400
8,Fannin,Noontootla,839,632,75.33 %,207,198,103,0,508,32,42,50,0,124,632,207,197,101,0,505,32,43,52,0,127,632,205,202,102,0,509,30,36,50,0,116,625
9,Fannin,Skeniah,331,251,75.83 %,120,51,34,0,205,9,12,25,0,46,251,119,49,34,0,202,10,14,25,0,49,251,116,52,34,0,202,11,10,25,0,46,248
10,Fannin,Sugar Creek,2437,1651,67.75 %,488,627,228,5,1348,54,120,129,0,303,1651,487,629,216,5,1337,55,118,139,0,312,1649,488,623,215,5,1331,48,113,133,0,294,1625
11,Fannin,Toccoa,3553,2218,62.43 %,592,841,331,3,1767,78,173,197,0,448,2215,594,833,327,3,1757,77,179,199,0,455,2212,590,835,334,3,1762,67,169,179,0,415,2177
0,Fayette,Blackrock,1760,2002,113.75 %,151,233,169,0,553,235,753,458,0,1446,1999,152,228,164,0,544,234,759,463,0,1456,2000,162,246,178,0,586,222,735,435,0,1392,1978
1,Fayette,Brooks,2613,2032,77.77 %,884,639,208,0,1731,72,100,128,0,300,2031,882,636,209,0,1727,73,103,128,0,304,2031,898,635,206,0,1739,54,98,124,0,276,2015
2,Fayette,Europe,3321,2471,74.41 %,75,126,86,0,287,333,1129,718,1,2181,2468,70,123,82,0,275,338,1131,723,1,2193,2468,78,126,93,0,297,326,1120,709,1,2156,2453
3,Fayette,Fayetteville East,2164,1362,62.94 %,149,224,138,0,511,181,394,276,0,851,1362,147,224,135,0,506,182,394,277,0,853,1359,148,228,137,0,513,180,384,270,0,834,1347
4,Fayette,Fayetteville West,2387,1581,66.23 %,197,329,122,0,648,169,478,285,0,932,1580,193,325,121,0,639,173,482,286,0,941,1580,204,333,126,0,663,159,466,272,0,897,1560
5,Fayette,Flint,1740,1222,70.23 %,191,155,76,0,422,165,437,195,0,797,1219,189,153,79,0,421,168,439,193,0,800,1221,193,157,81,0,431,163,429,185,0,777,1208
6,Fayette,Hopeful,2326,1593,68.49 %,208,267,85,0,560,209,492,327,1,1029,1589,206,267,83,0,556,212,495,329,1,1037,1593,214,277,90,0,581,198,478,311,1,988,1569
7,Fayette,Morning Creek,3073,2232,72.63 %,245,381,231,0,857,277,647,450,0,1374,2231,241,375,231,0,847,281,653,451,0,1385,2232,242,390,245,0,877,273,636,428,0,1337,2214
8,Fayette,Rareover,3097,2276,73.49 %,306,1063,159,0,1528,94,480,172,0,746,2274,299,1053,148,0,1500,101,489,184,0,774,2274,310,1079,164,0,1553,86,448,159,0,693,2246
9,Fayette,Sandy Creek,4896,3425,69.96 %,249,842,158,0,1249,244,1418,508,1,2171,3420,244,830,158,0,1232,247,1429,508,1,2185,3417,251,862,170,0,1283,238,1378,488,1,2105,3388
10,Fayette,Shakerag East,1710,1186,69.36 %,284,356,95,0,735,92,224,131,1,448,1183,280,359,97,0,736,98,220,130,1,449,1185,290,367,98,0,755,85,209,127,1,422,1177
11,Fayette,Shakerag West,1251,1013,80.98 %,123,421,107,0,651,37,179,145,0,361,1012,123,419,107,0,649,37,181,145,0,363,1012,130,421,105,0,656,29,172,130,0,331,987
12,Fayette,Starrsmill,3613,2486,68.81 %,716,896,293,0,1905,129,252,200,0,581,2486,722,890,296,0,1908,122,258,194,0,574,2482,727,896,306,0,1929,109,243,174,0,526,2455
13,Fayette,Whitewater,3608,2776,76.94 %,563,1064,270,1,1898,156,469,252,0,877,2775,558,1050,268,1,1877,161,483,254,0,898,2775,579,1074,275,1,1929,136,449,229,0,814,2743
14,Fayette,Woolsey,2561,1965,76.73 %,679,581,273,0,1533,99,174,158,0,431,1964,673,579,271,0,1523,105,173,160,0,438,1961,686,591,277,0,1554,87,154,148,0,389,1943
15,Fayette,McIntosh,3360,2550,75.89 %,359,1034,256,1,1650,111,485,302,1,899,2549,363,1023,253,1,1640,107,495,302,1,905,2545,368,1041,252,1,1662,95,464,291,1,851,2513
16,Fayette,Oak Grove,1360,983,72.28 %,230,319,76,0,625,91,165,101,0,357,982,222,313,73,0,608,100,171,104,0,375,983,228,318,79,0,625,88,164,95,0,347,972
17,Fayette,Kedron,4968,3438,69.20 %,521,1090,260,1,1872,266,813,485,0,1564,3436,506,1072,262,1,1841,281,831,481,0,1593,3434,524,1112,278,1,1915,256,780,447,0,1483,3398
18,Fayette,Aberdeen,1817,1321,72.70 %,198,552,126,0,876,72,261,111,0,444,1320,193,547,122,0,862,77,266,115,0,458,1320,200,561,129,0,890,69,243,101,0,413,1303
19,Fayette,Windgate,1012,750,74.11 %,174,262,51,0,487,59,131,73,0,263,750,169,260,50,0,479,63,133,72,0,268,747,171,268,51,0,490,58,123,65,0,246,736
20,Fayette,Flat Creek,2130,1394,65.45 %,227,429,165,0,821,137,271,161,0,569,1390,224,430,159,0,813,141,271,169,0,581,1394,244,433,171,0,848,118,259,149,0,526,1374
21,Fayette,Braelinn,1895,1481,78.15 %,329,668,147,0,1144,56,180,99,0,335,1479,326,660,140,0,1126,59,188,106,0,353,1479,329,671,146,0,1146,53,171,87,0,311,1457
22,Fayette,Kenwood,1021,758,74.24 %,57,56,38,0,151,131,292,183,0,606,757,58,57,37,0,152,130,291,184,0,605,757,62,62,42,0,166,124,281,176,0,581,747
23,Fayette,Banks,1634,1148,70.26 %,175,216,132,0,523,169,247,207,0,623,1146,178,217,129,0,524,168,246,209,0,623,1147,175,223,126,0,524,168,239,202,0,609,1133
24,Fayette,Harps Crossing,1658,1202,72.50 %,292,328,157,0,777,93,200,128,0,421,1198,286,326,157,0,769,101,202,128,0,431,1200,293,329,161,0,783,85,197,120,0,402,1185
25,Fayette,Willow Pond,3136,2191,69.87 %,336,551,184,0,1071,199,566,352,0,1117,2188,337,544,183,0,1064,198,572,354,0,1124,2188,346,571,199,0,1116,183,540,323,0,1046,2162
26,Fayette,Dogwood,3146,2409,76.57 %,351,922,204,0,1477,133,539,258,0,930,2407,341,913,199,0,1453,143,547,263,0,953,2406,350,936,211,0,1497,129,521,240,0,890,2387
27,Fayette,Oak Ridge,2243,1609,71.73 %,222,244,143,0,609,178,474,348,0,1000,1609,214,245,140,0,599,186,473,351,0,1010,1609,225,253,149,0,627,171,462,334,0,967,1594
28,Fayette,Jeff Davis,2915,1794,61.54 %,144,260,165,1,570,223,650,343,6,1222,1792,145,260,163,1,569,223,651,342,6,1222,1791,153,262,168,1,584,209,636,328,6,1179,1763
29,Fayette,Murphy,3250,2336,71.88 %,336,515,261,0,1112,239,599,382,0,1220,2332,338,515,256,0,1109,238,597,388,0,1223,2332,349,523,275,0,1147,222,582,360,0,1164,2311
30,Fayette,Fielding Ridge,3518,2682,76.24 %,448,1056,199,0,1703,149,532,294,0,975,2678,441,1048,192,0,1681,156,542,301,0,999,2680,467,1061,202,0,1730,127,521,281,0,929,2659
31,Fayette,Willowbend,2035,1458,71.65 %,251,595,118,0,964,87,260,145,0,492,1456,253,584,118,0,955,85,271,144,0,500,1455,255,608,121,0,984,76,241,136,0,453,1437
32,Fayette,Camp Creek,1911,1410,73.78 %,260,570,121,0,951,69,239,149,0,457,1408,257,568,125,0,950,72,242,145,0,459,1409,267,569,123,0,959,58,231,135,0,424,1383
33,Fayette,Rising Star,3879,3166,81.62 %,619,1324,255,1,2199,140,541,285,0,966,3165,616,1313,244,1,2174,143,551,296,0,990,3164,621,1366,266,1,2254,132,481,256,0,869,3123
34,Fayette,Spring Hill,3316,2390,72.07 %,313,495,195,0,1003,200,751,435,0,1386,2389,299,490,188,0,977,213,756,441,0,1410,2387,311,506,194,0,1011,199,731,424,0,1354,2365
35,Fayette,Antioch,1961,1378,70.27 %,389,289,132,0,810,145,234,188,0,567,1377,388,287,134,0,809,143,236,186,0,565,1374,388,291,133,0,812,138,228,176,0,542,1354
0,Floyd,Alto Park,3421,2166,63.31 %,497,866,223,2,1588,125,238,210,1,574,2162,498,863,224,2,1587,125,244,209,1,579,2166,498,865,230,2,1595,118,229,200,1,548,2143
1,Floyd,Armuchee,1288,869,67.47 %,391,246,81,1,719,41,63,43,0,147,866,392,245,78,1,716,42,65,45,0,152,868,397,247,85,1,730,33,58,37,0,128,858
2,Floyd,Barkers,2407,1521,63.19 %,599,572,137,2,1310,53,67,87,0,207,1517,599,572,137,2,1310,53,68,87,0,208,1518,600,573,138,1,1312,47,61,81,0,189,1501
3,Floyd,Cave Spring,1641,982,59.84 %,509,160,85,0,754,77,48,101,0,226,980,506,162,84,0,752,79,47,102,0,228,980,508,161,83,0,752,71,44,96,0,211,963
4,Floyd,Chulio,1185,784,66.16 %,372,215,63,0,650,45,37,51,0,133,783,367,213,63,0,643,48,38,50,0,136,779,367,215,62,0,644,44,35,52,0,131,775
5,Floyd,Etowah,5041,3338,66.22 %,1040,1225,331,3,2599,157,313,265,0,735,3334,1041,1217,322,3,2583,156,319,275,0,750,3333,1031,1220,320,3,2574,152,304,258,0,714,3288
6,Floyd,Everett Springs,430,304,70.70 %,159,63,15,16,253,23,3,24,1,51,304,158,63,15,16,252,24,3,24,1,52,304,154,62,16,13,245,26,3,23,1,53,298
7,Floyd,Floyd Springs,1698,1143,67.31 %,584,305,113,0,1002,45,56,37,0,138,1140,580,304,112,0,996,50,56,39,0,145,1141,576,308,114,0,998,45,52,34,0,131,1129
8,Floyd,Fosters Mill,992,638,64.31 %,334,161,63,2,560,19,28,31,0,78,638,333,161,63,2,559,19,28,31,0,78,637,325,162,57,1,545,19,26,32,0,77,622
9,Floyd,Garden Lakes,2305,1236,53.62 %,297,419,123,2,841,99,183,113,0,395,1236,294,419,125,1,839,101,183,111,0,395,1234,299,417,124,1,841,94,179,109,0,382,1223
10,Floyd,Glenwood,3731,1984,53.18 %,662,658,165,3,1488,143,177,172,2,494,1982,657,651,162,3,1473,148,184,175,2,509,1982,654,658,168,4,1484,146,169,164,1,480,1964
11,Floyd,Howell,1520,961,63.22 %,499,258,102,0,859,42,38,21,0,101,960,497,257,99,0,853,44,39,24,0,107,960,500,254,99,0,853,40,39,21,0,100,953
12,Floyd,East Lindale,3454,2058,59.58 %,670,693,191,2,1556,134,220,145,0,499,2055,666,691,191,2,1550,137,222,146,0,505,2055,676,695,190,2,1563,123,205,144,0,472,2035
13,Floyd,Mt Alto North,5220,2631,50.40 %,362,790,218,1,1371,292,600,361,0,1253,2624,364,787,215,1,1367,292,605,364,0,1261,2628,368,792,224,1,1385,285,582,340,0,1207,2592
14,Floyd,Mt Alto South,4015,2270,56.54 %,427,639,177,7,1250,298,437,281,2,1018,2268,425,630,176,7,1238,300,446,281,2,1029,2267,428,639,179,4,1250,291,425,265,2,983,2233
15,Floyd,North Carolina,1910,980,51.31 %,350,343,99,1,793,38,93,54,0,185,978,351,344,99,1,795,38,92,54,0,184,979,350,341,98,1,790,36,90,50,0,176,966
16,Floyd,Riverside,829,465,56.09 %,188,110,36,0,334,50,53,27,0,130,464,187,110,34,0,331,52,53,29,0,134,465,186,115,36,0,337,48,48,26,0,122,459
17,Floyd,East Rome,4313,2332,54.07 %,435,541,194,2,1172,302,484,367,0,1153,2325,426,531,190,2,1149,313,496,370,0,1179,2328,448,548,198,2,1196,282,467,347,0,1096,2292
18,Floyd,North Rome,3424,1961,57.27 %,274,527,226,0,1027,200,367,365,0,932,1959,266,517,222,0,1005,208,376,367,0,951,1956,280,524,238,0,1042,189,351,341,0,881,1923
19,Floyd,South Rome,1628,734,45.09 %,48,77,31,0,156,209,176,189,0,574,730,46,76,29,0,151,212,179,190,0,581,732,52,82,29,0,163,198,171,182,0,551,714
20,Floyd,Texas Valley,777,573,73.75 %,305,137,51,0,493,23,30,26,0,79,572,305,137,51,0,493,24,30,26,0,80,573,311,140,48,0,499,17,26,28,0,71,570
21,Floyd,Vanns Valley,923,446,48.32 %,188,101,63,0,352,40,30,23,0,93,445,185,101,62,0,348,43,30,24,0,97,445,184,99,62,0,345,43,30,23,0,96,441
22,Floyd,Watters,3655,2153,58.91 %,878,710,197,9,1794,95,137,127,0,359,2153,872,712,198,9,1791,100,135,126,0,361,2152,872,710,197,7,1786,96,133,124,0,353,2139
23,Floyd,West Lindale,3011,1595,52.97 %,646,421,155,0,1222,120,121,131,0,372,1594,643,421,157,0,1221,123,121,129,0,373,1594,646,417,158,0,1221,115,119,124,0,358,1579
24,Floyd,Town Rome,3081,1721,55.86 %,324,493,148,0,965,183,321,243,3,750,1715,325,489,143,0,957,183,327,247,3,760,1717,331,502,143,0,976,173,308,229,3,713,1689
0,Forsyth,01 Big Creek,11458,8070,70.43 %,1202,2640,813,4,4659,538,1589,1270,1,3398,8057,1186,2632,784,5,4607,554,1595,1296,0,3445,8052,1219,2707,827,5,4758,516,1495,1208,0,3219,7977
1,Forsyth,02 Brandywine,4552,2899,63.69 %,560,480,205,1,1246,416,691,537,1,1645,2891,561,485,198,2,1246,418,688,543,0,1649,2895,579,510,222,2,1313,390,657,518,0,1565,2878
2,Forsyth,03 Browns Bridge,10946,7213,65.90 %,1413,3305,855,7,5580,299,773,551,4,1627,7207,1403,3296,841,7,5547,308,783,566,4,1661,7208,1436,3310,883,8,5637,274,730,496,3,1503,7140
3,Forsyth,04 Chestatee,6922,4635,66.96 %,1088,2271,471,7,3837,144,348,304,1,797,4634,1082,2258,453,7,3800,149,359,321,1,830,4630,1096,2272,486,7,3861,126,324,276,1,727,4588
4,Forsyth,05 Coal Mountain,7996,5237,65.50 %,1232,2200,421,0,3853,284,651,446,1,1382,5235,1219,2194,414,0,3827,298,654,451,1,1404,5231,1244,2216,432,0,3892,263,617,419,1,1300,5192
5,Forsyth,06 Crossroads,7210,4575,63.45 %,992,2277,378,2,3649,149,532,244,0,925,4574,982,2268,368,2,3620,157,541,255,0,953,4573,998,2273,375,2,3648,134,518,234,0,886,4534
6,Forsyth,07 Cumming,6427,3816,59.37 %,649,1564,455,5,2673,240,498,401,2,1141,3814,640,1550,444,5,2639,245,511,409,2,1167,3806,656,1560,467,5,2688,224,478,383,2,1087,3775
7,Forsyth,08 Mashburn,8391,6179,73.64 %,1354,2366,723,6,4449,312,724,684,3,1723,6172,1324,2338,719,6,4387,341,752,687,3,1783,6170,1382,2399,764,6,4551,279,678,618,3,1578,6129
8,Forsyth,10 Midway,11841,8813,74.43 %,1382,3986,699,3,6070,386,1406,946,2,2740,8810,1351,3940,686,3,5980,417,1449,958,2,2826,8806,1397,4043,734,3,6177,358,1322,868,2,2550,8727
9,Forsyth,15 Heardsville,8276,5785,69.90 %,1158,2775,501,9,4443,205,671,461,2,1339,5782,1145,2764,484,9,4402,219,682,477,2,1380,5782,1174,2775,522,9,4480,179,652,421,2,1254,5734
10,Forsyth,16 Otwell,6421,4332,67.47 %,764,1913,575,5,3257,161,548,363,1,1073,4330,751,1904,561,5,3221,173,556,375,1,1105,4326,760,1929,578,5,3272,154,522,342,1,1019,4291
11,Forsyth,19 Old Atlanta,3784,2761,72.97 %,820,709,214,0,1743,313,360,341,1,1015,2758,799,701,206,0,1706,332,368,349,1,1050,2756,847,724,225,1,1797,280,334,318,0,932,2729
12,Forsyth,21 South Forsyth,8431,6168,73.16 %,969,2512,659,3,4143,308,934,775,2,2019,6162,955,2480,653,3,4091,322,962,773,2,2059,6150,965,2534,687,3,4189,301,887,720,2,1910,6099
13,Forsyth,25 Windermere,9935,6753,67.97 %,1442,1991,532,6,3971,621,1252,896,3,2772,6743,1434,1976,518,6,3934,627,1271,905,3,2806,6740,1485,2046,566,6,4103,557,1180,837,2,2576,6679
14,Forsyth,27 Concord,10067,6860,68.14 %,1663,3225,481,4,5373,282,749,446,2,1479,6852,1648,3211,474,4,5337,298,765,453,2,1518,6855,1682,3242,500,4,5428,249,707,419,2,1377,6805
15,Forsyth,29 Polo,11386,7925,69.60 %,1205,2985,869,3,5062,421,1277,1154,2,2854,7916,1188,2961,832,4,4985,436,1302,1191,1,2930,7915,1215,3029,901,5,5150,402,1206,1074,0,2682,7832
16,Forsyth,34 Fowler,5048,3479,68.92 %,587,1134,285,4,2010,259,677,525,6,1467,3477,588,1122,279,4,1993,256,686,529,6,1477,3470,601,1148,294,5,2048,240,653,499,4,1396,3444
17,Forsyth,35 Johns Creek,8586,6035,70.29 %,915,1797,582,1,3295,446,1263,1020,5,2734,6029,904,1775,579,1,3259,457,1285,1022,5,2769,6028,935,1842,609,1,3387,420,1194,952,5,2571,5958
18,Forsyth,36 Nichols,7088,5167,72.90 %,949,1777,321,0,3047,490,1027,597,3,2117,5164,945,1740,314,0,2999,494,1065,604,3,2166,5165,990,1824,332,0,3146,435,964,567,3,1969,5115
19,Forsyth,37 Sawnee,12163,8593,70.65 %,1194,3974,731,4,5903,302,1443,940,4,2689,8592,1190,3959,719,3,5871,304,1451,949,5,2709,8580,1207,4044,766,4,6021,276,1342,886,4,2508,8529
0,Franklin,Carnesville,2424,1515,62.50 %,509,682,161,0,1352,32,63,66,0,161,1513,508,681,163,0,1352,33,65,64,0,162,1514,507,678,168,0,1353,32,61,56,0,149,1502
1,Franklin,West Franklin,1800,1016,56.44 %,390,399,121,0,910,33,27,44,0,104,1014,388,401,120,0,909,34,25,44,0,103,1012,386,398,126,0,910,33,27,36,0,96,1006
2,Franklin,Northeast Franklin,3004,1786,59.45 %,561,700,237,1,1499,66,77,140,0,283,1782,564,697,238,1,1500,64,81,137,0,282,1782,560,700,238,1,1499,66,77,125,0,268,1767
3,Franklin,Lavonia,2391,1350,56.46 %,448,442,152,0,1042,95,98,113,0,306,1348,446,442,156,0,1044,94,98,108,0,300,1344,445,452,155,0,1052,93,85,109,0,287,1339
4,Franklin,Canon,1273,795,62.45 %,359,241,96,0,696,34,30,34,0,98,794,355,242,99,0,696,36,28,31,0,95,791,354,242,94,0,690,33,25,34,0,92,782
5,Franklin,Royston,2074,1210,58.34 %,404,381,174,0,959,76,75,98,0,249,1208,402,378,173,0,953,78,78,98,0,254,1207,405,384,173,0,962,71,69,93,0,233,1195
6,Franklin,Southwest Franklin,2474,1538,62.17 %,617,590,184,0,1391,23,69,52,0,144,1535,614,588,184,0,1386,26,71,52,0,149,1535,619,589,183,0,1391,20,68,52,0,140,1531
0,Fulton,01A,3764,2686,71.36 %,85,118,49,0,252,353,1452,617,8,2430,2682,80,108,44,0,232,358,1463,624,8,2453,2685,94,126,46,0,266,343,1435,610,8,2396,2662
1,Fulton,01B,4391,3216,73.24 %,147,125,53,1,326,503,1684,690,10,2887,3213,138,120,43,0,301,510,1688,700,11,2909,3210,138,143,56,1,338,503,1656,667,9,2835,3173
2,Fulton,01C,1943,731,37.62 %,14,8,6,0,28,241,322,135,3,701,729,12,5,5,1,23,243,326,135,2,706,729,12,10,8,0,30,242,316,133,3,694,724
3,Fulton,01D,783,443,56.58 %,14,10,5,2,31,77,233,93,6,409,440,12,10,4,1,27,79,235,93,7,414,441,13,15,5,1,34,78,230,92,6,406,440
4,Fulton,01E,3771,2685,71.20 %,95,178,66,1,340,258,1439,632,10,2339,2679,83,161,63,1,308,271,1456,638,10,2375,2683,97,182,61,1,341,252,1424,613,9,2298,2639
5,Fulton,01F,1606,479,29.83 %,8,8,1,0,17,129,234,83,15,461,478,6,7,2,0,15,132,234,82,15,463,478,7,11,3,1,22,131,230,80,13,454,476
6,Fulton,01G,2360,1201,50.89 %,27,36,14,1,78,222,638,256,7,1123,1201,27,33,13,1,74,222,641,257,7,1127,1201,33,41,14,1,89,209,632,253,5,1099,1188
7,Fulton,01H,911,383,42.04 %,4,2,2,0,8,108,154,106,6,374,382,4,2,1,0,7,108,154,106,6,374,381,4,3,2,0,9,108,147,106,6,367,376
8,Fulton,01I,0,0,0.00 %,0,0,0,0,0,0,0,0,0,0,0,0,0,0,0,0,0,0,0,0,0,0,0,0,0,0,0,0,0,0,0,0,0
9,Fulton,01J,2898,1247,43.03 %,15,22,6,1,44,336,590,265,10,1201,1245,12,20,6,1,39,340,591,265,10,1206,1245,14,22,7,1,44,335,584,260,8,1187,1231
10,Fulton,01P,1470,589,40.07 %,9,3,0,0,12,225,208,136,4,573,585,6,4,0,0,10,228,208,136,4,576,586,5,5,0,0,10,224,202,135,3,564,574
11,Fulton,01R,1579,435,27.55 %,7,0,1,0,8,208,125,90,3,426,434,4,0,1,1,6,211,125,90,2,428,434,8,0,2,0,10,203,124,88,3,418,428
12,Fulton,01S,2144,928,43.28 %,19,12,5,0,36,294,414,181,3,892,928,17,10,4,0,31,296,416,182,3,897,928,19,18,4,0,41,292,396,176,3,867,908
13,Fulton,01T,1840,840,45.65 %,35,19,13,1,68,225,398,142,6,771,839,31,18,10,0,59,229,399,145,7,780,839,33,23,12,1,69,227,390,143,6,766,835
14,Fulton,02A,5009,3356,67.00 %,215,375,141,7,738,280,1490,835,11,2616,3354,207,356,141,7,711,287,1508,834,11,2640,3351,231,402,149,7,789,258,1447,805,11,2521,3310
15,Fulton,02A1,736,439,59.65 %,27,49,14,2,92,55,206,84,1,346,438,26,45,14,2,87,56,210,85,1,352,439,30,54,16,2,102,51,200,80,0,331,433
16,Fulton,02B,4051,1249,30.83 %,45,62,22,4,133,246,620,238,10,1114,1247,42,58,20,4,124,250,624,241,10,1125,1249,46,70,23,3,142,244,608,230,10,1092,1234
17,Fulton,02C,2085,1198,57.46 %,49,47,17,0,113,185,595,297,5,1082,1195,45,45,16,0,106,188,599,299,5,1091,1197,46,46,25,0,117,185,592,281,5,1063,1180
18,Fulton,02D,5690,3459,60.79 %,191,226,92,10,519,470,1548,900,17,2935,3454,180,210,87,10,487,482,1565,906,17,2970,3457,207,228,107,10,552,449,1531,862,17,2859,3411
19,Fulton,02E,2024,1548,76.48 %,74,52,41,0,167,216,817,343,1,1377,1544,70,44,34,0,148,220,826,351,1,1398,1546,74,64,41,0,179,213,803,335,1,1352,1531
20,Fulton,02F1,3258,2219,68.11 %,110,128,69,1,308,285,1049,561,13,1908,2216,106,120,64,0,290,289,1058,566,14,1927,2217,112,141,75,0,328,277,1027,539,12,1855,2183
21,Fulton,02F2,866,460,53.12 %,28,24,8,2,62,87,204,100,7,398,460,27,24,10,2,63,87,204,98,7,396,459,30,25,12,2,69,82,201,96,7,386,455
22,Fulton,02G,3960,2719,68.66 %,189,163,75,4,431,363,1284,631,5,2283,2714,172,155,61,3,391,378,1290,646,6,2320,2711,182,192,79,2,455,361,1237,607,4,2209,2664
23,Fulton,02J,2341,1520,64.93 %,65,80,43,3,191,206,743,371,8,1328,1519,61,72,37,3,173,210,752,376,8,1346,1519,65,89,47,2,203,203,730,359,4,1296,1499
24,Fulton,02K,1477,1028,69.60 %,49,70,21,0,140,120,516,244,4,884,1024,43,68,18,0,129,126,520,248,4,898,1027,50,78,28,0,156,117,503,227,3,850,1006
25,Fulton,02L1,5672,3676,64.81 %,227,313,138,4,682,394,1662,927,10,2993,3675,220,292,127,4,643,396,1682,936,10,3024,3667,235,330,157,6,728,377,1630,870,6,2883,3611
26,Fulton,02L1A,1509,948,62.82 %,43,79,28,1,151,115,446,235,1,797,948,40,79,26,1,146,117,446,237,1,801,947,47,90,31,1,169,108,431,220,1,760,929
27,Fulton,02L2,2379,1432,60.19 %,73,107,37,5,222,241,621,335,11,1208,1430,76,97,32,6,211,238,631,341,10,1220,1431,84,115,43,7,249,228,610,319,9,1166,1415
28,Fulton,02S,795,454,57.11 %,14,13,12,1,40,84,224,104,0,412,452,13,13,11,1,38,84,225,105,0,414,452,14,17,13,1,45,83,220,101,0,404,449
29,Fulton,02W,1016,584,57.48 %,33,40,14,1,88,105,297,89,4,495,583,32,36,14,0,82,106,302,89,5,502,584,34,40,14,0,88,104,293,87,5,489,577
30,Fulton,03A,2252,778,34.55 %,14,8,0,0,22,200,329,211,11,751,773,13,9,0,0,22,203,328,212,11,754,776,14,9,1,1,25,201,325,209,10,745,770
31,Fulton,03B,792,199,25.13 %,0,2,1,0,3,66,79,45,3,193,196,0,1,1,0,2,66,80,46,3,195,197,3,1,1,0,5,65,79,43,3,190,195
32,Fulton,03C,1910,739,38.69 %,3,3,2,0,8,174,322,207,25,728,736,3,2,3,0,8,176,323,206,25,730,738,10,9,5,0,24,166,315,202,25,708,732
33,Fulton,03D,1252,418,33.39 %,3,6,6,0,15,108,182,101,9,400,415,3,6,5,0,14,109,183,103,9,404,418,4,5,8,0,17,108,182,99,9,398,415
34,Fulton,03E,2929,958,32.71 %,15,18,1,0,34,316,398,177,30,921,955,17,14,2,0,33,315,402,176,30,923,956,20,15,2,0,37,311,394,171,29,905,942
35,Fulton,03F,2361,1393,59.00 %,100,99,32,2,233,207,632,315,6,1160,1393,95,93,30,2,220,212,637,317,6,1172,1392,92,104,38,2,236,212,621,303,6,1142,1378
36,Fulton,03G,1041,264,25.36 %,4,3,2,1,10,95,112,41,6,254,264,4,2,1,1,8,95,113,41,6,255,263,5,2,0,1,8,92,113,42,6,253,261
37,Fulton,03H,1112,403,36.24 %,2,6,2,0,10,92,201,87,10,390,400,2,7,1,0,10,92,203,88,10,393,403,1,6,3,0,10,92,200,83,9,384,394
38,Fulton,03I,1755,515,29.34 %,27,35,23,0,85,93,178,154,4,429,514,25,29,21,0,75,95,184,156,4,439,514,31,32,25,1,89,87,181,148,3,419,508
39,Fulton,03L,759,231,30.43 %,5,5,0,0,10,86,89,42,3,220,230,5,4,0,0,9,86,90,43,3,222,231,8,5,1,0,14,82,89,41,3,215,229
40,Fulton,03M,1173,648,55.24 %,71,21,13,1,106,166,191,173,8,538,644,66,21,10,1,98,171,190,180,8,549,647,69,27,13,1,110,163,184,167,8,522,632
41,Fulton,03N,2865,836,29.18 %,29,10,6,1,46,312,340,118,16,786,832,27,9,4,1,41,314,343,121,16,794,835,32,12,4,2,50,304,338,116,15,773,823
42,Fulton,03P1A,4529,2175,48.02 %,137,96,54,4,291,402,984,486,12,1884,2175,123,92,48,4,267,415,987,492,12,1906,2173,127,106,61,3,297,399,965,470,12,1846,2143
43,Fulton,03P2,27,8,29.63 %,0,0,0,0,0,0,7,0,1,8,8,0,0,0,0,0,0,7,0,1,8,8,0,0,0,0,0,0,7,0,1,8,8
44,Fulton,03S,927,391,42.18 %,5,2,4,0,11,101,185,84,8,378,389,4,1,3,0,8,102,187,85,8,382,390,4,2,3,0,9,103,186,85,8,382,391
45,Fulton,03T,1783,765,42.91 %,9,16,4,1,30,182,417,122,9,730,760,9,13,3,1,26,182,423,124,9,738,764,9,16,5,1,31,182,418,120,9,729,760
46,Fulton,04A,1574,579,36.79 %,2,3,2,1,8,157,251,143,16,567,575,3,2,4,1,10,154,254,142,16,566,576,4,5,5,2,16,154,247,136,15,552,568
47,Fulton,04B,2984,701,23.49 %,9,13,3,0,25,172,333,152,18,675,700,9,14,2,0,25,172,332,154,18,676,701,8,14,5,1,28,172,331,148,17,668,696
48,Fulton,04C,156,54,34.62 %,0,0,0,0,0,17,24,13,0,54,54,0,0,0,0,0,17,24,13,0,54,54,0,0,0,0,0,17,24,13,0,54,54
49,Fulton,04D,1749,821,46.94 %,14,12,5,1,32,193,403,173,19,788,820,14,9,5,1,29,193,404,174,19,790,819,18,13,6,1,38,186,396,171,18,771,809
50,Fulton,04F,2867,1122,39.13 %,31,36,20,0,87,275,578,161,19,1033,1120,27,34,17,1,79,279,580,164,18,1041,1120,32,40,19,0,91,274,569,159,17,1019,1110
51,Fulton,04G,1045,383,36.65 %,3,1,3,0,7,126,177,66,7,376,383,4,2,3,0,9,125,176,66,7,374,383,6,0,5,0,11,121,178,62,6,367,378
52,Fulton,04I,4657,819,17.59 %,17,25,21,2,65,132,388,217,15,752,817,15,24,21,2,62,134,387,216,16,753,815,16,25,19,3,63,132,387,190,12,721,784
53,Fulton,04J,1622,146,9.00 %,2,1,0,0,3,50,67,19,7,143,146,3,0,0,0,3,49,68,19,7,143,146,3,0,2,0,5,49,68,16,7,140,145
54,Fulton,04K,2809,1274,45.35 %,12,16,6,3,37,279,629,302,23,1233,1270,8,16,9,4,37,284,629,300,22,1235,1272,12,18,8,3,41,276,621,296,22,1215,1256
55,Fulton,04L,2039,941,46.15 %,12,16,9,0,37,219,515,158,9,901,938,13,14,8,0,35,220,517,159,9,905,940,12,15,11,0,38,221,514,153,8,896,934
56,Fulton,04M,1005,327,32.54 %,4,2,1,0,7,115,136,61,5,317,324,3,3,1,0,7,118,136,61,5,320,327,3,3,2,0,8,117,135,59,5,316,324
57,Fulton,04S,2570,1213,47.20 %,13,12,1,0,26,342,574,250,18,1184,1210,11,12,1,0,24,345,575,251,18,1189,1213,13,20,1,0,34,339,564,249,17,1169,1203
58,Fulton,04T,1311,650,49.58 %,11,10,3,0,24,169,314,137,5,625,649,9,9,2,0,20,171,315,138,5,629,649,11,7,5,0,23,166,314,135,5,620,643
59,Fulton,04V,3628,1266,34.90 %,17,6,2,1,26,449,555,213,20,1237,1263,16,7,3,1,27,451,554,213,20,1238,1265,16,5,6,2,29,448,550,206,18,1222,1251
60,Fulton,04W,3327,135,4.06 %,0,1,0,0,1,63,50,15,5,133,134,0,0,0,0,0,63,52,15,5,135,135,0,1,0,0,1,63,50,15,5,133,134
61,Fulton,04X1,2306,1057,45.84 %,13,17,6,1,37,221,539,244,11,1015,1052,11,18,5,1,35,223,538,249,11,1021,1056,10,24,12,0,46,222,528,240,11,1001,1047
62,Fulton,04X2,858,377,43.94 %,8,8,1,2,19,69,204,79,5,357,376,8,9,0,2,19,69,203,81,5,358,377,9,9,0,2,20,66,202,79,4,351,371
63,Fulton,05A1,2984,2099,70.34 %,94,91,27,1,213,307,1060,515,4,1886,2099,83,87,27,1,198,318,1064,515,4,1901,2099,95,102,36,1,234,300,1039,500,4,1843,2077
64,Fulton,05A2,3407,2358,69.21 %,98,91,42,0,231,362,1248,503,10,2123,2354,87,86,34,0,207,373,1254,512,10,2149,2356,100,95,43,0,238,356,1239,492,10,2097,2335
65,Fulton,05B,2186,1018,46.57 %,21,9,7,0,37,263,489,214,9,975,1012,21,9,6,0,36,265,487,218,9,979,1015,23,17,9,0,49,258,474,211,9,952,1001
66,Fulton,05C,137,31,22.63 %,1,1,0,0,2,5,19,4,1,29,31,1,1,0,0,2,5,19,4,1,29,31,1,1,0,0,2,5,19,4,1,29,31
67,Fulton,05D,563,73,12.97 %,4,1,1,0,6,21,42,3,1,67,73,4,2,1,0,7,21,41,3,1,66,73,2,2,1,0,5,22,40,3,0,65,70
68,Fulton,05F,257,119,46.30 %,5,2,0,0,7,30,63,19,0,112,119,4,2,0,0,6,31,63,19,0,113,119,5,2,0,0,7,30,63,19,0,112,119
69,Fulton,05J,681,424,62.26 %,21,13,9,1,44,63,219,94,3,379,423,19,12,9,1,41,65,221,94,3,383,424,22,15,12,1,50,59,217,89,3,368,418
70,Fulton,05K,2889,1044,36.14 %,22,35,24,3,84,238,472,225,23,958,1042,22,32,24,3,81,238,475,225,23,961,1042,26,36,27,4,93,234,466,220,22,942,1035
71,Fulton,06B,1902,1350,70.98 %,109,110,38,3,260,149,627,303,9,1088,1348,97,95,34,3,229,159,642,306,8,1115,1344,116,124,43,4,287,137,607,291,8,1043,1330
72,Fulton,06D,6223,4100,65.88 %,281,378,191,11,861,474,1769,976,15,3234,4095,272,365,183,10,830,481,1785,981,16,3263,4093,288,415,202,10,915,459,1718,924,15,3116,4031
73,Fulton,06D1,2549,2074,81.37 %,132,212,107,10,461,148,875,584,6,1613,2074,123,200,88,10,421,157,887,601,6,1651,2072,136,229,110,9,484,141,841,558,6,1546,2030
74,Fulton,06D2,846,673,79.55 %,30,91,49,3,173,32,317,147,1,497,670,31,87,48,3,169,32,321,150,1,504,673,34,105,47,3,189,29,301,145,1,476,665
75,Fulton,06E,2390,1508,63.10 %,100,132,54,5,291,212,665,334,4,1215,1506,91,129,51,5,276,220,668,337,4,1229,1505,106,143,62,5,316,201,650,317,3,1171,1487
76,Fulton,06F,2907,1976,67.97 %,118,181,69,0,368,239,905,460,2,1606,1974,108,169,64,0,341,250,916,465,2,1633,1974,131,193,76,0,400,220,882,439,2,1543,1943
77,Fulton,06G,591,401,67.85 %,26,30,15,1,72,38,176,113,1,328,400,22,27,14,1,64,43,179,114,1,337,401,26,36,18,1,81,34,170,108,1,313,394
78,Fulton,06I,4148,2179,52.53 %,136,111,24,7,278,411,1023,445,20,1899,2177,129,106,25,7,267,418,1030,444,20,1912,2179,139,125,35,7,306,403,1000,430,20,1853,2159
79,Fulton,06J,2824,2184,77.34 %,140,180,97,7,424,177,939,635,7,1758,2182,128,164,87,8,387,190,954,642,6,1792,2179,141,195,114,7,457,169,905,599,7,1680,2137
80,Fulton,06L1,1011,816,80.71 %,62,129,40,1,232,65,356,160,2,583,815,62,122,34,1,219,64,363,167,2,596,815,59,129,44,0,232,63,350,153,3,569,801
81,Fulton,06L2,733,556,75.85 %,54,107,41,1,203,39,220,93,0,352,555,51,100,33,1,185,42,228,101,0,371,556,49,109,39,1,198,41,216,91,0,348,546
82,Fulton,06N,1807,1131,62.59 %,129,244,57,5,435,125,358,207,4,694,1129,120,230,54,5,409,135,372,210,4,721,1130,128,249,63,5,445,124,346,188,4,662,1107
83,Fulton,06Q,564,295,52.30 %,6,6,5,2,19,62,159,54,1,276,295,6,5,5,2,18,62,160,54,1,277,295,7,6,5,2,20,61,157,54,1,273,293
84,Fulton,06R,2052,1301,63.40 %,70,154,72,0,296,77,609,311,6,1003,1299,69,148,70,0,287,78,615,312,6,1011,1298,71,158,83,0,312,71,598,292,6,967,1279
85,Fulton,07A,7836,4930,62.91 %,635,1073,346,35,2089,492,1417,888,35,2832,4921,612,1037,332,34,2015,515,1454,899,36,2904,4919,651,1093,359,33,2136,465,1373,836,33,2707,4843
86,Fulton,07B,2995,2452,81.87 %,491,846,204,0,1541,121,483,301,4,909,2450,466,820,190,0,1476,144,510,315,4,973,2449,491,867,197,0,1555,111,443,282,4,840,2395
87,Fulton,07C,4596,2987,64.99 %,287,575,423,12,1297,260,718,695,10,1683,2980,284,570,412,11,1277,265,725,702,11,1703,2980,301,596,431,11,1339,246,692,636,10,1584,2923
88,Fulton,07D,4978,2941,59.08 %,443,606,185,9,1243,347,909,429,11,1696,2939,445,595,177,9,1226,344,921,436,11,1712,2938,452,617,195,10,1274,327,891,402,10,1630,2904
89,Fulton,07E,2275,1603,70.46 %,145,260,117,9,531,83,535,438,11,1067,1598,138,255,112,9,514,90,543,444,11,1088,1602,148,272,125,8,553,78,515,421,10,1024,1577
90,Fulton,07F,3833,2635,68.75 %,379,578,176,20,1153,209,786,471,15,1481,2634,358,567,172,20,1117,228,795,474,15,1512,2629,380,589,210,22,1201,200,757,419,12,1388,2589
91,Fulton,07H,2071,1579,76.24 %,202,360,123,11,696,112,463,303,3,881,1577,197,344,116,11,668,118,479,310,3,910,1578,210,372,129,8,719,96,440,287,4,827,1546
92,Fulton,07J,3080,2140,69.48 %,276,401,137,9,823,245,696,368,8,1317,2140,263,379,126,9,777,256,717,377,8,1358,2135,277,402,143,9,831,235,675,339,8,1257,2088
93,Fulton,07M,2423,1295,53.45 %,163,198,70,6,437,152,419,275,11,857,1294,159,192,68,6,425,155,425,276,11,867,1292,166,202,77,5,450,149,412,252,11,824,1274
94,Fulton,07N,2183,1135,51.99 %,72,73,32,8,185,184,463,291,11,949,1134,66,70,31,8,175,189,466,293,11,959,1134,69,71,38,7,185,185,462,279,12,938,1123
95,Fulton,08A,3136,2295,73.18 %,315,657,177,14,1163,175,658,288,10,1131,2294,308,636,172,13,1129,180,676,292,11,1159,2288,324,662,171,13,1170,161,640,281,11,1093,2263
96,Fulton,08B,3531,2656,75.22 %,420,910,198,2,1530,178,671,272,2,1123,2653,397,880,183,2,1462,202,702,287,2,1193,2655,426,921,187,2,1536,163,636,269,2,1070,2606
97,Fulton,08C,1533,1216,79.32 %,155,535,123,5,818,51,232,109,4,396,1214,140,522,121,5,788,64,244,110,4,422,1210,154,538,130,4,826,47,224,89,4,364,1190
98,Fulton,08D,1081,882,81.59 %,125,388,81,1,595,32,159,92,1,284,879,117,378,77,2,574,41,169,96,1,307,881,123,394,84,3,604,32,147,85,0,264,868
99,Fulton,08E,2593,2113,81.49 %,250,804,184,9,1247,93,488,277,3,861,2108,235,775,171,8,1189,109,518,286,5,918,2107,253,815,191,8,1267,86,459,261,3,809,2076
100,Fulton,08F1,2205,1845,83.67 %,279,758,163,18,1218,81,371,167,7,626,1844,258,711,154,16,1139,99,414,176,9,698,1837,273,752,172,18,1215,79,354,148,5,586,1801
101,Fulton,08G,3125,1869,59.81 %,196,374,175,15,760,172,489,429,12,1102,1862,190,365,171,16,742,178,499,431,11,1119,1861,201,379,187,15,782,162,474,398,11,1045,1827
102,Fulton,08H,2595,2030,78.23 %,252,669,214,14,1149,86,461,330,2,879,2028,240,648,207,14,1109,98,481,337,2,918,2027,253,703,231,14,1201,81,416,289,2,788,1989
103,Fulton,08J,3374,2494,73.92 %,379,668,130,17,1194,230,745,316,8,1299,2493,351,630,121,15,1117,254,782,322,9,1367,2484,398,696,134,15,1243,201,706,292,10,1209,2452
104,Fulton,08K,1055,757,71.75 %,152,118,39,1,310,76,236,134,0,446,756,138,112,35,1,286,90,242,139,0,471,757,146,125,47,1,319,80,228,121,0,429,748
105,Fulton,08L,4552,3006,66.04 %,333,510,149,12,1004,282,1016,690,11,1999,3003,326,483,141,9,959,288,1041,700,14,2043,3002,347,527,167,11,1052,256,988,648,8,1900,2952
106,Fulton,08M,2371,1760,74.23 %,326,591,171,9,1097,132,334,190,7,663,1760,305,569,161,9,1044,150,355,200,7,712,1756,328,596,172,8,1104,120,316,173,7,616,1720
107,Fulton,08N1,832,671,80.65 %,87,272,58,3,420,36,135,78,1,250,670,79,258,53,2,392,43,150,83,2,278,670,87,274,61,4,426,32,127,67,0,226,652
108,Fulton,08N2,1614,1123,69.58 %,107,253,126,7,493,82,335,203,8,628,1121,103,247,119,7,476,83,343,209,8,643,1119,108,257,129,8,502,80,325,189,7,601,1103
109,Fulton,08P,1920,1028,53.54 %,65,97,39,2,203,185,442,189,8,824,1027,59,88,38,1,186,191,452,190,9,842,1028,61,102,38,2,203,186,434,183,8,811,1014
110,Fulton,09A,3881,2560,65.96 %,206,352,74,2,634,319,1190,401,14,1924,2558,198,340,65,2,605,328,1201,410,14,1953,2558,211,368,76,2,657,312,1158,384,13,1867,2524
111,Fulton,09B,463,174,37.58 %,0,2,0,0,2,34,76,54,8,172,174,0,2,0,0,2,34,76,54,8,172,174,1,3,0,0,4,33,72,54,8,167,171
112,Fulton,09C,3373,1577,46.75 %,7,15,12,0,34,316,809,392,23,1540,1574,9,13,11,0,33,315,811,393,23,1542,1575,10,13,11,0,34,309,804,390,23,1526,1560
113,Fulton,09D,2329,939,40.32 %,9,8,5,0,22,249,420,238,10,917,939,8,6,2,0,16,250,422,241,10,923,939,11,8,4,0,23,245,416,234,10,905,928
114,Fulton,09E,3296,1533,46.51 %,43,50,14,1,108,350,812,241,18,1421,1529,39,49,14,0,102,354,814,244,19,1431,1533,40,54,19,0,113,349,801,237,19,1406,1519
115,Fulton,09F,3965,2834,71.48 %,331,637,168,10,1146,270,959,448,9,1686,2832,314,624,158,9,1105,287,973,457,10,1727,2832,344,667,174,11,1196,242,911,421,7,1581,2777
116,Fulton,09G,3988,2541,63.72 %,218,258,107,11,594,350,1107,473,14,1944,2538,206,248,94,10,558,361,1118,486,15,1980,2538,229,278,115,10,632,333,1078,448,15,1874,2506
117,Fulton,09H,1209,624,51.61 %,33,30,14,4,81,110,303,111,18,542,623,30,28,14,4,76,113,306,111,18,548,624,32,30,15,4,81,108,300,109,18,535,616
118,Fulton,09I,1422,581,40.86 %,12,16,2,0,30,168,228,142,13,551,581,12,11,2,0,25,168,232,141,13,554,579,11,15,2,0,28,166,227,139,13,545,573
119,Fulton,09K,4095,1508,36.83 %,13,29,6,0,48,353,801,288,10,1452,1500,12,29,6,0,47,353,804,287,10,1454,1501,13,31,9,0,53,349,787,277,10,1423,1476
120,Fulton,09K1,1561,546,34.98 %,7,5,2,0,14,128,283,111,10,532,546,3,5,2,0,10,132,283,111,10,536,546,11,6,2,0,19,124,280,108,10,522,541
121,Fulton,09M,2610,1816,69.58 %,111,174,43,2,330,222,987,271,5,1485,1815,96,161,37,2,296,236,1000,277,5,1518,1814,107,170,49,2,328,224,976,257,5,1462,1790
122,Fulton,10A,3230,1744,53.99 %,17,17,6,2,42,330,920,416,31,1697,1739,13,13,6,2,34,333,923,417,31,1704,1738,12,16,11,1,40,331,909,404,30,1674,1714
123,Fulton,10B,4003,2654,66.30 %,20,30,12,1,63,355,1523,665,42,2585,2648,18,27,12,0,57,357,1526,665,43,2591,2648,16,36,12,2,66,358,1506,652,40,2556,2622
124,Fulton,10C,2624,1130,43.06 %,5,8,4,1,18,155,657,239,59,1110,1128,3,5,4,0,12,157,660,239,61,1117,1129,5,8,5,0,18,153,646,234,61,1094,1112
125,Fulton,10D,5041,1957,38.82 %,7,13,4,0,24,368,1081,467,8,1924,1948,8,12,5,0,25,369,1083,470,8,1930,1955,14,15,6,0,35,356,1068,454,8,1886,1921
126,Fulton,10E,1079,573,53.10 %,5,7,2,1,15,128,272,146,10,556,571,5,7,2,1,15,128,271,148,10,557,572,6,9,2,0,17,127,267,143,9,546,563
127,Fulton,10F,1219,633,51.93 %,8,13,0,0,21,136,288,174,14,612,633,7,10,0,0,17,137,291,174,14,616,633,7,10,1,1,19,137,285,168,11,601,620
128,Fulton,10G,1339,851,63.55 %,7,12,4,1,24,131,491,190,12,824,848,6,7,3,2,18,133,495,192,12,832,850,8,15,3,0,26,129,488,188,13,818,844
129,Fulton,10H1,445,249,55.96 %,1,1,0,0,2,35,149,62,1,247,249,0,2,0,0,2,36,148,62,1,247,249,0,1,0,0,1,36,147,61,1,245,246
130,Fulton,10H2,2651,1107,41.76 %,8,11,7,1,27,231,539,281,24,1075,1102,6,12,7,1,26,235,539,283,24,1081,1107,4,11,6,1,22,232,534,280,24,1070,1092
131,Fulton,10I,333,266,79.88 %,6,1,1,0,8,17,160,79,2,258,266,6,1,1,0,8,17,160,79,2,258,266,6,2,0,0,8,17,158,80,2,257,265
132,Fulton,10J,1251,474,37.89 %,7,3,3,1,14,178,175,99,5,457,471,7,3,4,1,15,179,175,98,5,457,472,9,4,3,1,17,175,173,96,5,449,466
133,Fulton,10K,1629,967,59.36 %,9,21,1,0,31,144,537,246,9,936,967,7,21,0,0,28,146,537,247,9,939,967,7,23,6,0,36,145,530,237,9,921,957
134,Fulton,10M,2930,1550,52.90 %,18,17,11,0,46,324,817,341,12,1494,1540,17,15,14,0,46,326,822,337,12,1497,1543,20,18,18,1,57,320,808,330,11,1469,1526
135,Fulton,10P,1629,730,44.81 %,5,4,5,0,14,173,324,195,23,715,729,4,2,3,1,10,174,326,198,22,720,730,5,3,4,1,13,171,322,193,22,708,721
136,Fulton,10R,929,383,41.23 %,3,4,1,0,8,112,192,51,17,372,380,3,4,1,0,8,114,192,51,17,374,382,4,2,0,0,6,111,189,52,17,369,375
137,Fulton,11B,4437,2405,54.20 %,5,21,10,1,37,453,1298,594,20,2365,2402,4,19,10,1,34,455,1302,593,20,2370,2404,12,23,10,1,46,445,1289,585,19,2338,2384
138,Fulton,11B1,892,490,54.93 %,4,6,1,0,11,88,298,89,4,479,490,4,6,1,0,11,88,298,89,4,479,490,8,10,1,0,19,83,292,88,4,467,486
139,Fulton,11C,3170,2092,65.99 %,2,26,3,1,32,216,1411,416,16,2059,2091,2,24,3,1,30,216,1413,416,16,2061,2091,4,30,3,1,38,214,1402,411,16,2043,2081
140,Fulton,11E1,1360,652,47.94 %,9,6,2,0,17,144,389,94,6,633,650,9,2,2,0,13,144,393,96,6,639,652,11,4,2,1,18,141,389,93,5,628,646
141,Fulton,11E2,1032,571,55.33 %,4,3,0,1,8,107,354,97,2,560,568,4,2,0,1,7,108,356,97,2,563,570,4,4,1,1,10,107,353,93,2,555,565
142,Fulton,11E3,3641,1875,51.50 %,13,21,1,2,37,398,1288,134,17,1837,1874,14,18,1,1,34,397,1291,134,18,1840,1874,13,26,0,1,40,397,1275,133,15,1820,1860
143,Fulton,11G,2596,951,36.63 %,9,12,6,1,28,168,477,261,12,918,946,6,11,2,1,20,172,478,266,12,928,948,9,19,2,2,32,168,463,259,11,901,933
144,Fulton,11H,764,377,49.35 %,10,3,2,0,15,63,191,105,3,362,377,11,3,2,0,16,62,190,105,3,360,376,10,4,2,0,16,63,187,100,3,353,369
145,Fulton,11J,2103,1049,49.88 %,10,9,4,1,24,209,516,287,7,1019,1043,8,9,4,1,22,212,517,289,7,1025,1047,14,14,5,1,34,202,505,285,7,999,1033
146,Fulton,11K,2066,1166,56.44 %,12,15,5,1,33,167,631,316,16,1130,1163,9,12,5,1,27,170,634,317,16,1137,1164,17,16,6,0,39,160,621,314,17,1112,1151
147,Fulton,11M,1400,956,68.29 %,7,11,4,0,22,150,619,156,8,933,955,7,10,4,0,21,149,620,156,8,933,954,5,14,6,0,25,151,614,152,8,925,950
148,Fulton,11M1,2230,821,36.82 %,9,7,0,2,18,159,442,167,33,801,819,8,7,0,2,17,160,443,167,33,803,820,9,9,0,2,20,159,431,162,33,785,805
149,Fulton,11N,2448,1443,58.95 %,17,11,9,1,38,241,787,345,27,1400,1438,14,9,10,0,33,244,791,345,28,1408,1441,17,15,14,2,48,241,776,333,24,1374,1422
150,Fulton,11P,2098,1023,48.76 %,4,9,3,0,16,189,451,349,14,1003,1019,3,11,4,0,18,189,449,351,14,1003,1021,6,14,6,0,26,182,437,347,13,979,1005
151,Fulton,11R,2284,789,34.54 %,1,5,3,0,9,135,424,173,42,774,783,0,7,2,0,9,138,422,176,42,778,787,2,8,2,3,15,134,416,170,39,759,774
152,Fulton,12A,5047,2771,54.90 %,53,54,24,0,131,437,1602,582,14,2635,2766,48,52,26,0,126,441,1606,580,13,2640,2766,49,58,34,0,141,436,1592,557,12,2597,2738
153,Fulton,12A1,690,394,57.10 %,8,8,3,0,19,66,235,69,3,373,392,7,6,3,0,16,67,238,70,3,378,394,7,16,4,0,27,67,227,68,3,365,392
154,Fulton,12D,1437,576,40.08 %,12,6,1,1,20,146,296,105,7,554,574,13,8,1,1,23,145,295,106,7,553,576,12,9,2,0,23,146,293,104,8,551,574
155,Fulton,12E1,1933,672,34.76 %,9,18,7,0,34,134,317,174,8,633,667,8,18,7,0,33,135,319,175,8,637,670,8,20,7,0,35,135,309,170,8,622,657
156,Fulton,12F,1244,462,37.14 %,3,6,1,0,10,119,240,85,7,451,461,4,6,1,0,11,119,240,85,7,451,462,4,9,0,0,13,117,236,86,7,446,459
157,Fulton,12G,900,461,51.22 %,4,4,7,0,15,86,186,170,4,446,461,3,4,7,0,14,86,186,170,4,446,460,3,4,9,0,16,87,185,167,4,443,459
158,Fulton,12H1,1174,315,26.83 %,8,3,5,1,17,98,130,63,5,296,313,7,3,5,1,16,99,130,65,5,299,315,7,4,5,1,17,99,127,63,5,294,311
159,Fulton,12H2,3043,1370,45.02 %,10,10,10,2,32,346,630,340,20,1336,1368,7,8,11,1,27,349,632,340,21,1342,1369,9,14,14,3,40,345,620,333,18,1316,1356
160,Fulton,12I,1092,439,40.20 %,2,3,2,0,7,70,230,124,4,428,435,1,4,2,0,7,72,229,126,4,431,438,2,7,2,0,11,69,220,120,4,413,424
161,Fulton,12J,3213,1298,40.40 %,23,11,7,0,41,329,617,286,23,1255,1296,18,11,7,0,36,335,616,286,23,1260,1296,19,15,7,1,42,329,607,281,22,1239,1281
162,Fulton,12K,3655,1540,42.13 %,32,38,11,5,86,301,814,314,17,1446,1532,28,34,10,5,77,308,818,316,18,1460,1537,32,38,9,4,83,300,809,308,18,1435,1518
163,Fulton,12L,781,277,35.47 %,4,3,1,0,8,73,127,62,7,269,277,4,2,2,0,8,73,128,61,7,269,277,6,1,4,0,11,71,128,59,7,265,276
164,Fulton,12M,3055,1250,40.92 %,15,7,2,1,25,410,533,267,11,1221,1246,15,7,1,1,24,409,535,270,11,1225,1249,13,10,2,1,26,410,530,267,11,1218,1244
165,Fulton,12N,1140,419,36.75 %,4,6,2,0,12,126,191,72,15,404,416,2,6,2,0,10,128,193,72,16,409,419,4,6,2,0,12,125,191,72,14,402,414
166,Fulton,12S,2102,984,46.81 %,8,9,3,0,20,244,499,213,6,962,982,8,10,3,1,22,244,499,213,5,961,983,9,11,6,0,26,241,493,208,6,948,974
167,Fulton,AP01A,5299,3851,72.67 %,446,1154,279,6,1885,273,1085,591,13,1962,3847,429,1138,271,7,1845,287,1100,599,12,1998,3843,455,1190,281,7,1933,256,1031,562,11,1860,3793
168,Fulton,AP01B,1319,810,61.41 %,103,200,72,3,378,80,212,138,1,431,809,105,199,72,3,379,78,213,138,1,430,809,103,207,76,3,389,77,202,131,1,411,800
169,Fulton,AP01C,2421,1787,73.81 %,199,609,101,4,913,123,500,244,6,873,1786,200,597,96,4,897,123,508,247,6,884,1781,205,616,108,4,933,116,484,226,6,832,1765
170,Fulton,AP01D,1047,634,60.55 %,67,145,51,3,266,79,174,115,0,368,634,68,142,50,3,263,78,177,116,0,371,634,76,147,55,3,281,67,169,106,0,342,623
171,Fulton,AP021,3484,2451,70.35 %,364,763,157,6,1290,214,675,268,3,1160,2450,362,748,149,5,1264,216,689,275,3,1183,2447,368,779,159,6,1312,208,642,253,2,1105,2417
172,Fulton,AP022,2557,1701,66.52 %,210,389,150,2,751,142,451,348,4,945,1696,204,381,151,2,738,147,458,350,4,959,1697,208,395,158,2,763,134,431,332,4,901,1664
173,Fulton,AP02B,688,438,63.66 %,36,84,71,2,193,22,117,105,1,245,438,37,82,66,2,187,21,118,110,1,250,437,40,87,73,2,202,18,113,96,1,228,430
174,Fulton,AP03,777,365,46.98 %,43,33,9,0,85,98,129,50,2,279,364,43,35,8,0,86,98,128,51,2,279,365,40,37,9,0,86,100,125,50,2,277,363
175,Fulton,AP04A,1776,1399,78.77 %,209,411,165,2,787,73,340,195,2,610,1397,200,404,160,2,766,82,347,202,2,633,1399,215,426,174,1,816,62,322,176,3,563,1379
176,Fulton,AP04B,482,370,76.76 %,73,109,20,0,202,23,92,52,1,168,370,72,107,20,0,199,24,94,52,1,171,370,73,114,19,0,206,21,87,49,1,158,364
177,Fulton,AP05,4835,3632,75.12 %,477,1106,334,8,1925,209,982,511,3,1705,3630,474,1094,323,9,1900,210,993,524,2,1729,3629,481,1125,339,8,1953,194,947,487,1,1629,3582
178,Fulton,AP06,1987,1485,74.74 %,262,518,92,5,877,82,322,199,3,606,1483,259,506,81,5,851,86,332,209,3,630,1481,261,521,98,5,885,76,307,189,3,575,1460
179,Fulton,AP07A,3956,2607,65.90 %,374,679,231,4,1288,232,660,416,7,1315,2603,365,672,223,3,1263,243,666,424,8,1341,2604,368,701,239,3,1311,231,622,391,8,1252,2563
180,Fulton,AP07B,1906,1438,75.45 %,205,422,132,3,762,104,378,186,8,676,1438,198,407,130,3,738,111,393,188,8,700,1438,207,427,131,5,770,101,363,173,5,642,1412
181,Fulton,AP09A,4496,3213,71.46 %,379,868,225,8,1480,248,968,508,8,1732,3212,368,853,214,8,1443,253,982,517,8,1760,3203,385,892,244,8,1529,228,927,472,7,1634,3163
182,Fulton,AP09B,936,665,71.05 %,66,137,27,4,234,39,240,147,4,430,664,68,133,27,4,232,37,243,148,4,432,664,69,134,24,3,230,36,242,142,4,424,654
183,Fulton,AP10,1002,768,76.65 %,142,262,67,22,493,48,142,82,3,275,768,139,258,63,20,480,51,146,85,3,285,765,145,262,64,22,493,43,135,80,3,261,754
184,Fulton,AP12A,763,432,56.62 %,52,78,17,2,149,59,145,73,5,282,431,51,79,18,2,150,60,145,72,5,282,432,53,84,15,2,154,58,139,70,5,272,426
185,Fulton,AP12B,973,507,52.11 %,55,54,51,2,162,70,170,104,1,345,507,56,55,52,2,165,69,168,102,1,340,505,53,58,54,2,167,71,163,98,1,333,500
186,Fulton,AP12C,2434,1652,67.87 %,234,596,127,5,962,108,390,183,5,686,1648,231,588,124,6,949,110,400,186,4,700,1649,236,601,131,4,972,105,375,170,5,655,1627
187,Fulton,AP14,3266,2455,75.17 %,275,720,169,7,1171,152,731,395,6,1284,2455,272,709,164,7,1152,155,740,399,6,1300,2452,279,745,194,7,1225,143,698,352,5,1198,2423
188,Fulton,CH01,378,195,51.59 %,16,20,10,3,49,23,91,30,2,146,195,16,20,10,3,49,23,91,30,2,146,195,13,21,10,3,47,23,90,30,2,145,192
189,Fulton,CH02,341,242,70.97 %,56,55,30,1,142,19,48,30,1,98,240,56,55,30,1,142,19,48,30,1,98,240,57,58,30,1,146,19,42,30,1,92,238
190,Fulton,CH03,410,301,73.41 %,91,82,29,1,203,15,55,27,0,97,300,91,81,28,1,201,15,57,26,0,98,299,90,78,29,1,198,15,57,26,0,98,296
191,Fulton,CH04A,834,641,76.86 %,91,179,53,2,325,37,192,85,2,316,641,87,172,55,2,316,41,198,83,2,324,640,92,178,50,2,322,34,189,81,2,306,628
192,Fulton,CH05,433,330,76.21 %,88,95,52,1,236,18,47,26,3,94,330,87,96,50,1,234,19,46,28,3,96,330,88,93,53,1,235,16,47,25,3,91,326
193,Fulton,CP011,1369,728,53.18 %,37,81,23,0,141,111,331,143,2,587,728,33,78,24,0,135,113,334,142,2,591,726,36,86,27,0,149,109,320,135,2,566,715
194,Fulton,CP012,1485,909,61.21 %,32,94,20,1,147,114,472,172,2,760,907,31,94,19,1,145,115,473,173,2,763,908,33,103,20,1,157,113,460,171,2,746,903
195,Fulton,CP01B,433,260,60.05 %,16,48,4,0,68,33,115,42,0,190,258,14,43,4,0,61,35,121,42,1,199,260,14,46,6,0,66,34,117,38,1,190,256
196,Fulton,CP02,1233,624,50.61 %,18,41,12,1,72,103,311,136,1,551,623,17,39,14,1,71,104,313,134,1,552,623,22,44,13,1,80,98,303,131,1,533,613
197,Fulton,CP04A,14,4,28.57 %,0,1,0,0,1,1,2,0,0,3,4,0,1,0,0,1,1,2,0,0,3,4,0,1,0,0,1,1,2,0,0,3,4
198,Fulton,CP04B,38,17,44.74 %,0,0,1,0,1,3,7,5,0,15,16,0,1,1,0,2,3,7,5,0,15,17,0,1,1,0,2,3,7,5,0,15,17
199,Fulton,CP051,1765,924,52.35 %,6,9,3,0,18,210,497,189,8,904,922,7,10,3,0,20,209,497,189,8,903,923,7,9,3,1,20,207,493,186,7,893,913
200,Fulton,CP05B,159,63,39.62 %,1,2,0,0,3,17,37,5,1,60,63,1,2,0,0,3,17,37,5,1,60,63,1,2,0,0,3,17,35,5,1,58,61
201,Fulton,CP06A,735,212,28.84 %,1,4,0,0,5,68,102,33,4,207,212,0,5,0,0,5,69,100,33,4,206,211,1,5,1,0,7,67,101,32,4,204,211
202,Fulton,CP07B,7,3,42.86 %,0,0,0,0,0,1,0,1,1,3,3,0,0,0,0,0,1,0,1,1,3,3,0,0,0,0,0,1,0,1,1,3,3
203,Fulton,CP07C,328,69,21.04 %,0,1,0,0,1,23,34,10,1,68,69,0,0,0,0,0,23,35,10,1,69,69,1,1,0,0,2,22,34,10,1,67,69
204,Fulton,CP07D,804,215,26.74 %,2,4,0,1,7,68,109,25,6,208,215,0,4,0,1,5,70,109,25,6,210,215,0,5,1,1,7,69,107,22,6,204,211
205,Fulton,CP07E,137,39,28.47 %,0,0,0,0,0,17,21,1,0,39,39,0,0,0,0,0,17,21,1,0,39,39,0,0,0,0,0,17,21,1,0,39,39
206,Fulton,CP07F,270,57,21.11 %,1,2,0,0,3,18,25,9,2,54,57,1,0,0,0,1,18,27,9,2,56,57,0,1,0,0,1,19,26,9,2,56,57
207,Fulton,CP081,376,84,22.34 %,0,0,0,0,0,37,36,11,0,84,84,1,0,0,0,1,36,36,11,0,83,84,1,0,0,0,1,35,36,11,0,82,83
208,Fulton,CP083,243,37,15.23 %,0,0,0,1,1,20,12,1,3,36,37,0,0,0,1,1,20,12,1,3,36,37,0,0,0,0,0,20,12,1,4,37,37
209,Fulton,CP084,1,0,0.00 %,0,0,0,0,0,0,0,0,0,0,0,0,0,0,0,0,0,0,0,0,0,0,0,0,0,0,0,0,0,0,0,0,0
210,Fulton,CP08A,786,142,18.07 %,4,0,0,0,4,64,47,22,4,137,141,2,0,0,0,2,66,48,22,4,140,142,5,1,0,0,6,61,47,22,4,134,140
211,Fulton,EP01A,3025,1536,50.78 %,34,62,27,1,124,265,862,272,11,1410,1534,32,60,26,1,119,267,866,273,11,1417,1536,34,63,25,0,122,263,857,266,12,1398,1520
212,Fulton,EP01B,3492,1616,46.28 %,37,46,16,1,100,283,847,366,16,1512,1612,38,45,17,1,101,282,848,367,16,1513,1614,40,48,16,1,105,277,839,361,16,1493,1598
213,Fulton,EP02A,2474,1052,42.52 %,5,32,11,1,49,228,498,266,6,998,1047,3,32,9,1,45,229,501,268,6,1004,1049,4,38,11,1,54,225,489,261,6,981,1035
214,Fulton,EP02B,1712,1117,65.25 %,43,84,28,1,156,116,601,238,5,960,1116,44,83,30,1,158,115,602,235,5,957,1115,42,89,31,1,163,114,593,232,4,943,1106
215,Fulton,EP02C,535,304,56.82 %,13,30,6,0,49,37,168,45,4,254,303,13,26,6,0,45,37,172,45,4,258,303,14,30,6,0,50,36,166,43,4,249,299
216,Fulton,EP02D,459,248,54.03 %,2,1,1,0,4,45,153,45,1,244,248,2,2,0,0,4,45,152,46,1,244,248,1,2,2,0,5,46,149,43,1,239,244
217,Fulton,EP02E,1697,718,42.31 %,17,10,10,0,37,129,402,136,14,681,718,16,10,9,0,35,130,401,137,14,682,717,18,15,10,0,43,125,392,136,13,666,709
218,Fulton,EP03A,4960,2725,54.94 %,43,49,34,0,126,423,1476,677,16,2592,2718,35,48,34,0,117,429,1477,679,16,2601,2718,43,53,40,1,137,420,1461,663,15,2559,2696
219,Fulton,EP03B,1551,1033,66.60 %,18,20,9,1,48,125,548,306,5,984,1032,17,18,9,0,44,126,550,306,6,988,1032,16,22,15,0,53,126,543,297,6,972,1025
220,Fulton,EP04A,5132,1905,37.12 %,12,10,10,0,32,537,983,332,19,1871,1903,9,6,7,0,22,540,987,336,19,1882,1904,18,9,9,0,36,531,982,330,19,1862,1898
221,Fulton,EP04B,2655,1435,54.05 %,4,18,4,1,27,247,929,214,16,1406,1433,4,14,5,1,24,247,934,213,17,1411,1435,7,19,8,0,34,243,924,208,16,1391,1425
222,Fulton,EP04C,1333,863,64.74 %,7,20,4,0,31,106,519,199,6,830,861,8,19,3,0,30,105,521,200,6,832,862,6,25,5,0,36,106,510,197,6,819,855
223,Fulton,FA01A,4100,2327,56.76 %,42,121,60,2,225,317,1295,472,16,2100,2325,37,120,57,2,216,324,1295,475,16,2110,2326,40,121,64,2,227,317,1290,461,16,2084,2311
224,Fulton,FA01B,5995,3562,59.42 %,83,167,68,5,323,503,2049,657,29,3238,3561,81,160,61,4,306,505,2056,663,30,3254,3560,82,171,69,5,327,501,2031,643,27,3202,3529
225,Fulton,FA01C,792,454,57.32 %,10,7,1,1,19,88,268,75,3,434,453,8,7,1,1,17,90,268,76,3,437,454,10,7,1,1,19,86,268,75,3,432,451
226,Fulton,FA01D,326,197,60.43 %,7,4,4,0,15,29,113,37,2,181,196,7,5,4,0,16,29,113,37,2,181,197,6,5,5,0,16,29,113,35,2,179,195
227,Fulton,FC01,336,165,49.11 %,0,1,0,0,1,43,93,22,6,164,165,0,1,0,0,1,43,93,22,6,164,165,0,1,0,0,1,43,93,22,6,164,165
228,Fulton,FC02,593,56,9.44 %,3,4,2,0,9,16,24,4,3,47,56,3,4,2,0,9,16,24,4,3,47,56,3,4,2,0,9,16,23,4,3,46,55
229,Fulton,FC03,17,8,47.06 %,0,1,0,0,1,0,7,0,0,7,8,0,1,0,0,1,0,7,0,0,7,8,0,1,0,0,1,0,7,0,0,7,8
230,Fulton,HP01,3887,2034,52.33 %,215,191,76,1,483,382,794,355,13,1544,2027,214,187,72,1,474,383,798,357,13,1551,2025,224,195,82,2,503,368,784,342,12,1506,2009
231,Fulton,JC01,4174,2956,70.82 %,309,664,135,7,1115,246,1011,574,8,1839,2954,313,640,135,7,1095,241,1032,574,8,1855,2950,319,694,165,7,1185,233,971,536,8,1748,2933
232,Fulton,JC01A,1751,1214,69.33 %,166,177,49,2,394,155,457,204,2,818,1212,168,183,47,2,400,151,451,208,2,812,1212,176,196,58,3,433,141,433,194,1,769,1202
233,Fulton,JC02,3060,1986,64.90 %,252,373,175,11,811,181,603,377,14,1175,1986,250,367,169,12,798,183,609,381,12,1185,1983,259,387,186,12,844,171,581,350,12,1114,1958
234,Fulton,JC03A,598,445,74.41 %,63,108,21,0,192,38,172,41,2,253,445,63,105,18,0,186,36,175,44,2,257,443,66,112,20,0,198,33,166,39,2,240,438
235,Fulton,JC03B,1639,1127,68.76 %,124,218,49,4,395,142,401,183,4,730,1125,120,216,48,4,388,148,403,184,4,739,1127,126,224,48,4,402,139,385,177,4,705,1107
236,Fulton,JC04A,3196,2481,77.63 %,202,765,139,2,1108,138,812,419,1,1370,2478,197,738,129,3,1067,140,836,430,0,1406,2473,215,790,150,3,1158,119,777,393,0,1289,2447
237,Fulton,JC04B,340,221,65.00 %,21,44,16,0,81,22,91,25,1,139,220,21,40,16,0,77,22,96,24,1,143,220,22,45,15,0,82,21,89,25,1,136,218
238,Fulton,JC04C,1261,910,72.16 %,109,205,53,0,367,62,342,136,1,541,908,105,189,49,0,343,66,360,140,1,567,910,110,213,58,0,381,57,331,128,1,517,898
239,Fulton,JC05,2351,1630,69.33 %,181,425,58,9,673,136,599,214,5,954,1627,172,416,57,9,654,146,609,215,5,975,1629,185,438,68,9,700,132,579,198,4,913,1613
240,Fulton,JC06,2880,1949,67.67 %,287,544,154,5,990,161,511,280,6,958,1948,281,541,148,4,974,167,512,286,6,971,1945,299,564,163,5,1031,142,482,260,6,890,1921
241,Fulton,JC07,4742,3353,70.71 %,361,803,188,8,1360,289,1074,621,9,1993,3353,343,795,182,6,1326,305,1081,623,9,2018,3344,378,823,198,7,1406,264,1043,578,9,1894,3300
242,Fulton,JC08,2967,2131,71.82 %,226,649,108,13,996,148,671,306,9,1134,2130,228,642,102,13,985,146,675,313,9,1143,2128,233,666,114,13,1026,138,644,291,9,1082,2108
243,Fulton,JC09,3288,2211,67.24 %,251,519,119,7,896,198,730,375,12,1315,2211,255,517,116,5,893,193,730,378,14,1315,2208,259,532,127,7,925,187,702,358,11,1258,2183
244,Fulton,JC10,2674,1782,66.64 %,186,355,84,8,633,174,607,352,11,1144,1777,181,355,85,9,630,179,607,352,11,1149,1779,192,363,87,9,651,164,590,343,11,1108,1759
245,Fulton,JC11,3520,2491,70.77 %,349,814,187,3,1353,169,637,326,2,1134,2487,339,807,179,3,1328,178,646,333,2,1159,2487,345,823,190,2,1360,166,612,313,1,1092,2452
246,Fulton,JC12,2870,2174,75.75 %,270,864,237,3,1374,74,435,288,2,799,2173,258,858,224,3,1343,86,441,301,2,830,2173,255,880,235,3,1373,78,411,280,2,771,2144
247,Fulton,JC13A,2341,1760,75.18 %,239,729,140,7,1115,69,381,188,4,642,1757,231,720,136,7,1094,77,390,192,4,663,1757,239,720,141,7,1107,64,373,176,4,617,1724
248,Fulton,JC13B,289,225,77.85 %,32,113,21,0,166,11,34,13,1,59,225,31,109,19,0,159,12,37,15,1,65,224,34,115,21,0,170,8,30,13,1,52,222
249,Fulton,JC14,2636,1982,75.19 %,217,749,112,2,1080,118,565,216,1,900,1980,215,734,106,1,1056,121,579,221,2,923,1979,222,774,123,2,1121,106,531,194,1,832,1953
250,Fulton,JC15,979,630,64.35 %,66,144,27,2,239,66,241,80,1,388,627,67,146,24,2,239,65,240,82,1,388,627,66,154,32,2,254,65,230,73,1,369,623
251,Fulton,JC16,2729,1951,71.49 %,269,546,111,2,928,128,591,300,2,1021,1949,263,542,110,2,917,134,594,300,2,1030,1947,270,572,109,2,953,121,554,287,2,964,1917
252,Fulton,JC18,2864,2214,77.30 %,272,767,150,3,1192,120,622,276,3,1021,2213,261,742,150,3,1156,129,645,277,3,1054,2210,274,782,160,4,1220,113,593,261,2,969,2189
253,Fulton,JC19,4223,3014,71.37 %,302,884,183,29,1398,155,919,513,26,1613,3011,292,867,184,29,1372,164,937,510,26,1637,3009,304,909,199,27,1439,148,882,478,24,1532,2971
254,Fulton,ML01A,2830,2168,76.61 %,383,781,129,1,1294,156,519,194,1,870,2164,380,762,122,1,1265,159,536,201,1,897,2162,393,794,131,1,1319,143,495,183,1,822,2141
255,Fulton,ML01B,725,543,74.90 %,90,209,53,2,354,29,95,65,0,189,543,88,205,53,2,348,31,99,65,0,195,543,90,212,57,2,361,28,89,61,0,178,539
256,Fulton,ML02A,2623,2003,76.36 %,545,743,151,4,1443,110,247,201,1,559,2002,530,727,150,4,1411,125,263,202,1,591,2002,546,748,155,4,1453,103,235,190,1,529,1982
257,Fulton,ML02B,1950,1490,76.41 %,306,597,117,6,1026,88,249,123,2,462,1488,306,585,106,6,1003,87,260,132,2,481,1484,309,604,118,6,1037,76,234,119,2,431,1468
258,Fulton,ML03,3775,2895,76.69 %,579,1095,267,3,1944,156,490,302,2,950,2894,564,1072,254,3,1893,170,513,314,2,999,2892,589,1109,262,1,1961,139,470,287,1,897,2858
259,Fulton,ML03A,309,220,71.20 %,52,99,15,0,166,8,38,8,0,54,220,49,96,15,0,160,11,41,8,0,60,220,54,100,15,0,169,6,37,7,0,50,219
260,Fulton,ML04,3361,2534,75.39 %,509,853,222,5,1589,173,520,245,2,940,2529,505,848,220,4,1577,176,526,248,2,952,2529,524,874,227,4,1629,152,492,228,2,874,2503
261,Fulton,ML05,4918,3392,68.97 %,531,912,292,10,1745,291,837,507,9,1644,3389,516,902,284,12,1714,305,847,515,7,1674,3388,542,932,312,9,1795,269,801,465,8,1543,3338
262,Fulton,ML06A,2236,1227,54.87 %,147,174,47,5,373,186,467,195,3,851,1224,147,166,47,5,365,186,475,197,3,861,1226,149,182,50,5,386,182,456,189,3,830,1216
263,Fulton,ML06B,3152,2021,64.12 %,224,364,96,4,688,256,692,378,4,1330,2018,223,363,92,3,681,258,693,381,6,1338,2019,229,382,112,4,727,250,667,354,4,1275,2002
264,Fulton,ML07A,854,627,73.42 %,169,190,57,3,419,52,93,63,0,208,627,167,182,58,3,410,54,99,62,0,215,625,178,194,60,3,435,42,87,57,0,186,621
265,Fulton,ML07B,1706,1238,72.57 %,327,389,94,5,815,91,202,127,1,421,1236,321,384,91,5,801,97,207,132,1,437,1238,329,390,102,6,827,86,195,119,0,400,1227
266,Fulton,MP01,473,363,76.74 %,138,27,12,0,177,96,30,56,2,184,361,137,26,12,0,175,98,31,56,2,187,362,140,27,16,0,183,95,30,51,2,178,361
267,Fulton,PA01,3072,1684,54.82 %,102,169,74,0,345,255,805,274,2,1336,1681,103,168,75,0,346,255,808,272,2,1337,1683,99,170,79,0,348,255,796,265,2,1318,1666
268,Fulton,RW01,5097,3899,76.50 %,582,1165,481,19,2247,227,754,661,6,1648,3895,556,1141,475,20,2192,253,778,666,5,1702,3894,584,1179,496,19,2278,214,717,617,5,1553,3831
269,Fulton,RW02,4090,3110,76.04 %,564,770,265,6,1605,271,692,535,5,1503,3108,542,748,252,6,1548,291,714,547,5,1557,3105,579,793,274,6,1652,239,650,509,5,1403,3055
270,Fulton,RW03,5128,3132,61.08 %,414,702,196,12,1324,338,896,557,12,1803,3127,406,688,196,12,1302,347,906,556,12,1821,3123,423,714,192,12,1341,322,867,541,11,1741,3082
271,Fulton,RW04,1872,1493,79.75 %,169,398,113,2,682,85,453,269,2,809,1491,162,393,111,2,668,92,459,271,2,824,1492,169,408,123,2,702,81,437,248,2,768,1470
272,Fulton,RW05,2978,1656,55.61 %,193,271,107,2,573,244,546,282,10,1082,1655,194,262,105,2,563,243,556,284,10,1093,1656,190,272,107,2,571,242,537,272,10,1061,1632
273,Fulton,RW06,3124,2176,69.65 %,295,553,110,3,961,180,691,339,2,1212,2173,290,548,107,3,948,183,695,342,2,1222,2170,289,560,122,3,974,177,673,316,2,1168,2142
274,Fulton,RW07A,1801,774,42.98 %,51,37,15,2,105,234,302,124,8,668,773,52,35,15,2,104,232,304,124,8,668,772,53,38,16,2,109,230,299,121,8,658,767
275,Fulton,RW07B,452,226,50.00 %,29,16,12,0,57,51,76,42,0,169,226,28,17,12,0,57,52,75,42,0,169,226,27,15,12,0,54,49,75,42,0,166,220
276,Fulton,RW08,2456,1729,70.40 %,334,455,253,4,1046,103,298,276,4,681,1727,324,439,246,4,1013,112,314,282,4,712,1725,333,455,253,4,1045,99,290,249,4,642,1687
277,Fulton,RW09,4495,3586,79.78 %,676,1185,370,8,2239,213,644,483,2,1342,3581,667,1177,348,8,2200,222,651,503,2,1378,3578,699,1214,381,8,2302,182,603,447,2,1234,3536
278,Fulton,RW09A,1923,1476,76.76 %,288,526,115,3,932,86,299,153,3,541,1473,280,520,102,3,905,94,304,166,3,567,1472,290,536,118,3,947,80,284,141,3,508,1455
279,Fulton,RW10,3695,2818,76.27 %,483,885,290,11,1669,142,591,406,6,1145,2814,469,871,280,11,1631,156,605,417,6,1184,2815,488,905,297,13,1703,128,554,375,4,1061,2764
280,Fulton,RW11A,2903,1924,66.28 %,304,451,146,5,906,173,495,342,6,1016,1922,305,440,143,5,893,170,506,347,6,1029,1922,307,455,163,6,931,162,484,315,4,965,1896
281,Fulton,RW12,3934,3081,78.32 %,580,961,251,2,1794,212,621,452,1,1286,3080,566,943,253,2,1764,224,639,449,1,1313,3077,590,954,267,2,1813,193,605,422,1,1221,3034
282,Fulton,RW12A,2512,1869,74.40 %,287,568,141,2,998,132,455,276,4,867,1865,279,561,131,2,973,140,464,288,4,896,1869,293,578,144,2,1017,119,437,265,4,825,1842
283,Fulton,RW13,3802,2776,73.01 %,408,767,193,4,1372,234,799,366,3,1402,2774,404,748,190,2,1344,238,818,370,5,1431,2775,425,788,205,5,1423,215,763,346,1,1325,2748
284,Fulton,RW16,2143,1574,73.45 %,261,480,121,3,865,115,382,209,2,708,1573,252,466,115,2,835,124,396,215,3,738,1573,261,482,119,2,864,114,373,204,3,694,1558
285,Fulton,RW17,3141,1982,63.10 %,263,407,99,4,773,238,650,316,4,1208,1981,253,400,98,4,755,249,657,317,4,1227,1982,266,416,107,5,794,225,633,301,3,1162,1956
286,Fulton,RW19,2172,1701,78.31 %,290,599,117,2,1008,79,392,218,2,691,1699,281,588,112,2,983,88,401,224,2,715,1698,290,614,127,2,1033,74,364,196,2,636,1669
287,Fulton,RW20,2730,2062,75.53 %,229,671,143,2,1045,110,610,294,1,1015,2060,230,653,140,2,1025,110,625,298,1,1034,2059,240,684,144,1,1069,95,581,285,1,962,2031
288,Fulton,RW21,3410,2520,73.90 %,251,976,212,15,1454,161,592,285,25,1063,2517,242,949,205,16,1412,169,617,293,24,1103,2515,250,986,208,18,1462,158,566,278,21,1023,2485
289,Fulton,RW22A,4864,2851,58.61 %,228,615,158,11,1012,391,1038,396,13,1838,2850,231,602,155,9,997,387,1051,399,15,1852,2849,255,633,161,11,1060,358,1006,376,11,1751,2811
290,Fulton,SC01A,43,29,67.44 %,0,2,0,0,2,7,16,3,1,27,29,0,2,0,0,2,7,16,3,1,27,29,0,2,0,0,2,7,16,3,1,27,29
291,Fulton,SC01B,2131,1566,73.49 %,10,22,10,1,43,138,1119,234,30,1521,1564,9,21,9,1,40,139,1120,234,30,1523,1563,10,24,8,2,44,138,1117,235,29,1519,1563
292,Fulton,SC01C,2275,1611,70.81 %,8,24,16,0,48,114,1031,382,34,1561,1609,8,21,14,0,43,113,1034,384,34,1565,1608,7,20,19,1,47,114,1024,375,31,1544,1591
293,Fulton,SC02,1429,1059,74.11 %,7,20,4,0,31,85,720,217,5,1027,1058,6,21,4,0,31,86,719,216,5,1026,1057,7,24,3,0,34,85,715,217,5,1022,1056
294,Fulton,SC04,1088,693,63.69 %,72,89,22,0,183,102,297,106,5,510,693,72,87,21,0,180,102,299,107,5,513,693,71,86,22,0,179,101,298,105,4,508,687
295,Fulton,SC05A,733,448,61.12 %,1,3,3,0,7,72,293,73,3,441,448,1,4,2,0,7,72,292,74,3,441,448,1,5,4,0,10,72,291,70,3,436,446
296,Fulton,SC05B,3682,2467,67.00 %,28,32,15,2,77,349,1592,425,18,2384,2461,25,28,12,1,66,351,1600,428,19,2398,2464,28,41,13,2,84,348,1583,418,18,2367,2451
297,Fulton,SC05D,2891,1909,66.03 %,16,27,10,0,53,292,1245,301,17,1855,1908,17,27,9,0,53,291,1246,302,17,1856,1909,16,29,10,0,55,291,1241,297,17,1846,1901
298,Fulton,SC05E,689,433,62.84 %,13,28,20,0,61,43,226,100,3,372,433,12,28,20,0,60,44,226,100,3,373,433,11,28,19,0,58,45,223,101,3,372,430
299,Fulton,SC07A,4582,3002,65.52 %,56,166,70,2,294,341,1743,607,14,2705,2999,56,159,68,2,285,341,1749,610,14,2714,2999,55,172,68,2,297,342,1730,602,14,2688,2985
300,Fulton,SC07C,41,8,19.51 %,0,0,1,0,1,2,5,0,0,7,8,0,0,1,0,1,2,5,0,0,7,8,0,0,1,0,1,2,5,0,0,7,8
301,Fulton,SC07D,2076,1229,59.20 %,8,31,5,0,44,163,774,237,11,1185,1229,7,28,5,0,40,164,776,237,11,1188,1228,9,31,5,0,45,162,774,235,9,1180,1225
302,Fulton,SC08B,4155,2415,58.12 %,18,34,23,1,76,433,1399,488,15,2335,2411,15,32,19,1,67,435,1401,493,15,2344,2411,20,33,21,1,75,426,1390,486,15,2317,2392
303,Fulton,SC08C,96,63,65.63 %,0,0,0,0,0,11,38,14,0,63,63,0,0,0,0,0,11,38,14,0,63,63,0,0,0,0,0,11,38,13,0,62,62
304,Fulton,SC08D,612,337,55.07 %,3,3,1,0,7,56,205,68,1,330,337,3,2,1,0,6,56,206,68,1,331,337,3,4,1,0,8,56,202,68,1,327,335
305,Fulton,SC08E,742,415,55.93 %,4,1,1,0,6,92,265,48,3,408,414,3,1,1,0,5,94,265,48,3,410,415,4,1,1,0,6,93,265,48,3,409,415
306,Fulton,SC08F,808,386,47.77 %,4,3,0,0,7,48,253,75,2,378,385,5,4,0,0,9,47,253,75,2,377,386,4,3,2,0,9,48,250,73,2,373,382
307,Fulton,SC08G,15,4,26.67 %,0,0,0,0,0,3,1,0,0,4,4,0,0,0,0,0,3,1,0,0,4,4,0,0,0,0,0,3,1,0,0,4,4
308,Fulton,SC08H,1,0,0.00 %,0,0,0,0,0,0,0,0,0,0,0,0,0,0,0,0,0,0,0,0,0,0,0,0,0,0,0,0,0,0,0,0,0
309,Fulton,SC09A,1896,894,47.15 %,8,16,7,2,33,215,471,166,7,859,892,5,14,5,2,26,217,473,169,7,866,892,5,19,6,1,31,218,462,167,8,855,886
310,Fulton,SC09B,1941,1159,59.71 %,5,17,3,1,26,169,654,301,5,1129,1155,5,15,3,1,24,169,657,302,5,1133,1157,7,15,6,1,29,167,653,291,4,1115,1144
311,Fulton,SC09C,1881,1000,53.16 %,18,14,4,0,36,227,466,261,5,959,995,17,11,5,0,33,228,471,263,5,967,1000,17,17,4,0,38,227,462,259,5,953,991
312,Fulton,SC10,1933,759,39.27 %,6,8,4,0,18,243,362,127,9,741,759,5,5,5,0,15,244,365,126,9,744,759,11,4,5,0,20,236,361,124,9,730,750
313,Fulton,SC11A,1697,949,55.92 %,9,6,6,0,21,174,531,215,6,926,947,7,6,6,0,19,176,531,214,6,927,946,7,10,7,0,24,176,525,210,5,916,940
314,Fulton,SC11B,1718,996,57.97 %,11,12,3,0,26,173,526,266,4,969,995,10,12,3,0,25,174,526,266,4,970,995,9,16,3,0,28,172,518,264,3,957,985
315,Fulton,SC13,2949,1958,66.40 %,31,58,10,3,102,262,1228,348,17,1855,1957,31,55,8,3,97,263,1229,350,17,1859,1956,29,58,9,3,99,263,1225,349,17,1854,1953
316,Fulton,SC14A,1040,467,44.90 %,3,2,0,1,6,73,309,75,3,460,466,3,2,0,0,5,73,309,75,5,462,467,4,3,0,0,7,71,305,75,4,455,462
317,Fulton,SC15,4584,2875,62.72 %,24,52,28,1,105,414,1873,447,34,2768,2873,22,53,29,1,105,417,1872,446,34,2769,2874,24,64,29,2,119,414,1857,441,32,2744,2863
318,Fulton,SC15A,2504,1713,68.41 %,9,15,6,0,30,232,1195,243,11,1681,1711,8,8,6,0,22,232,1203,243,11,1689,1711,8,19,4,0,31,231,1192,241,11,1675,1706
319,Fulton,SC16A,5228,3548,67.87 %,24,38,6,1,69,415,2385,648,26,3474,3543,21,34,8,0,63,419,2390,646,27,3482,3545,19,46,8,0,73,420,2370,644,25,3459,3532
320,Fulton,SC17A,60,46,76.67 %,0,0,1,0,1,7,28,9,1,45,46,0,0,1,0,1,7,28,9,1,45,46,0,0,0,0,0,7,28,9,1,45,45
321,Fulton,SC17B,10,0,0.00 %,0,0,0,0,0,0,0,0,0,0,0,0,0,0,0,0,0,0,0,0,0,0,0,0,0,0,0,0,0,0,0,0,0
322,Fulton,SC17C,1328,741,55.80 %,15,8,2,0,25,132,427,150,4,713,738,13,8,3,0,24,135,428,150,4,717,741,13,10,2,0,25,134,422,150,4,710,735
323,Fulton,SC18A,561,344,61.32 %,1,7,0,0,8,56,174,103,1,334,342,1,7,0,0,8,56,175,102,1,334,342,1,6,0,0,7,56,174,103,1,334,341
324,Fulton,SC18B,942,670,71.13 %,3,11,2,0,16,97,433,121,3,654,670,2,9,3,0,14,98,435,120,3,656,670,3,13,2,0,18,97,430,121,3,651,669
325,Fulton,SC18C,2116,1532,72.40 %,13,21,11,0,45,193,937,349,6,1485,1530,10,20,12,0,42,195,938,347,6,1486,1528,13,25,10,0,48,191,930,345,6,1472,1520
326,Fulton,SC19A,213,135,63.38 %,0,3,3,0,6,20,80,29,0,129,135,0,3,3,0,6,20,80,29,0,129,135,0,1,3,0,4,20,81,29,0,130,134
327,Fulton,SC19B,1676,764,45.58 %,8,9,5,0,22,198,368,174,2,742,764,5,10,5,0,20,200,367,174,2,743,763,7,10,7,0,24,197,364,165,2,728,752
328,Fulton,SC20,2584,1951,75.50 %,23,19,3,1,46,201,1398,304,1,1904,1950,23,19,3,1,46,202,1398,304,1,1905,1951,26,18,2,1,47,198,1396,305,1,1900,1947
329,Fulton,SC211,1862,1168,62.73 %,9,29,5,2,45,173,706,237,5,1121,1166,10,28,4,2,44,173,707,238,5,1123,1167,11,30,4,3,48,172,703,235,4,1114,1162
330,Fulton,SC212,4316,2559,59.29 %,22,62,25,1,110,439,1530,461,14,2444,2554,20,55,23,0,98,441,1537,465,16,2459,2557,22,58,22,2,104,436,1527,462,14,2439,2543
331,Fulton,SC23A,3939,2072,52.60 %,19,15,7,0,41,453,1033,534,9,2029,2070,15,14,4,1,34,457,1034,538,8,2037,2071,16,17,2,0,35,454,1026,534,9,2023,2058
332,Fulton,SC23B,563,315,55.95 %,2,4,3,0,9,52,167,87,0,306,315,2,3,3,0,8,52,168,87,0,307,315,2,4,3,0,9,52,166,84,0,302,311
333,Fulton,SC23C,2634,1415,53.72 %,16,14,8,0,38,300,775,295,5,1375,1413,15,14,8,0,37,301,775,295,5,1376,1413,18,14,9,0,41,295,771,289,5,1360,1401
334,Fulton,SC27,2391,1345,56.25 %,15,11,10,0,36,215,686,397,10,1308,1344,10,9,9,0,28,218,689,398,10,1315,1343,10,10,10,0,30,216,679,391,10,1296,1326
335,Fulton,SC29A,3176,1721,54.19 %,5,18,8,2,33,374,890,414,5,1683,1716,4,18,8,1,31,377,892,414,6,1689,1720,5,19,6,1,31,373,886,412,6,1677,1708
336,Fulton,SC30A,160,122,76.25 %,2,2,0,0,4,13,53,51,1,118,122,2,1,0,0,3,13,54,51,1,119,122,2,3,1,0,6,13,51,49,0,113,119
337,Fulton,SC30B,1121,562,50.13 %,4,4,1,0,9,75,354,117,7,553,562,3,4,1,0,8,75,352,117,7,551,559,4,9,1,0,14,74,342,112,7,535,549
338,Fulton,SS01,4908,3729,75.98 %,474,1275,432,4,2185,137,826,568,7,1538,3723,462,1246,419,4,2131,146,853,580,7,1586,3717,477,1278,426,6,2187,127,797,527,5,1456,3643
339,Fulton,SS02A,1217,860,70.67 %,84,181,76,5,346,58,281,169,6,514,860,82,174,74,6,336,60,287,170,5,522,858,87,191,80,5,363,54,269,157,5,485,848
340,Fulton,SS02B,1339,803,59.97 %,52,109,30,9,200,78,335,174,14,601,801,50,108,30,9,197,79,336,171,14,600,797,51,117,38,9,215,77,322,156,13,568,783
341,Fulton,SS03,1590,1154,72.58 %,150,253,75,4,482,63,388,212,7,670,1152,149,239,75,4,467,64,401,213,7,685,1152,151,265,86,5,507,61,368,192,5,626,1133
342,Fulton,SS04,3834,2464,64.27 %,229,476,147,10,862,255,869,455,18,1597,2459,224,464,140,10,838,259,882,462,17,1620,2458,236,489,150,11,886,245,846,438,16,1545,2431
343,Fulton,SS05,1870,1531,81.87 %,216,427,115,4,762,87,434,243,3,767,1529,207,412,115,3,737,96,450,241,3,790,1527,216,437,127,4,784,83,413,219,3,718,1502
344,Fulton,SS06,1691,1329,78.59 %,167,428,109,0,704,63,368,192,1,624,1328,157,410,108,0,675,73,385,193,1,652,1327,172,442,114,0,728,56,348,181,1,586,1314
345,Fulton,SS07A,1268,939,74.05 %,74,287,134,1,496,37,252,149,1,439,935,70,282,127,1,480,41,256,156,1,454,934,73,300,140,1,514,36,233,137,1,407,921
346,Fulton,SS07B,815,531,65.15 %,59,96,44,0,199,45,196,87,4,332,531,55,97,39,0,191,48,195,92,4,339,530,58,102,48,0,208,44,188,83,4,319,527
347,Fulton,SS07C,816,489,59.93 %,41,117,77,2,237,27,100,123,0,250,487,39,117,75,2,233,28,101,125,0,254,487,43,116,75,1,235,25,98,120,0,243,478
348,Fulton,SS08A,1940,1175,60.57 %,130,163,47,2,342,190,446,189,6,831,1173,119,160,42,3,324,201,449,195,5,850,1174,130,173,48,2,353,184,436,178,5,803,1156
349,Fulton,SS08B,713,551,77.28 %,55,176,52,1,284,18,140,107,1,266,550,52,173,49,1,275,21,143,110,1,275,550,51,177,55,1,284,21,136,98,1,256,540
350,Fulton,SS08C,728,463,63.60 %,33,84,25,1,143,38,171,109,2,320,463,32,83,25,1,141,38,172,108,2,320,461,33,85,28,0,146,38,169,102,2,311,457
351,Fulton,SS08D,1609,963,59.85 %,106,156,52,0,314,119,325,201,3,648,962,103,155,54,0,312,122,327,199,3,651,963,112,157,66,0,335,112,320,180,3,615,950
352,Fulton,SS09A,3207,2542,79.26 %,323,805,301,10,1439,95,561,438,8,1102,2541,318,790,295,10,1413,99,573,441,8,1121,2534,318,813,300,8,1439,96,535,411,7,1049,2488
353,Fulton,SS09B,3650,2880,78.90 %,321,992,269,5,1587,135,751,400,3,1289,2876,313,967,251,4,1535,140,774,416,4,1334,2869,323,1012,266,5,1606,128,715,380,3,1226,2832
354,Fulton,SS11A,4062,2522,62.09 %,270,494,189,14,967,322,823,391,16,1552,2519,264,479,188,16,947,328,840,390,14,1572,2519,280,494,194,11,979,307,809,370,18,1504,2483
355,Fulton,SS11B,1425,792,55.58 %,56,136,24,7,223,116,294,154,5,569,792,55,131,24,6,216,117,297,154,6,574,790,59,143,34,6,242,110,282,139,5,536,778
356,Fulton,SS11C,367,172,46.87 %,14,9,5,0,28,36,86,20,1,143,171,13,9,5,0,27,38,86,20,1,145,172,14,8,4,0,26,36,86,19,1,142,168
357,Fulton,SS11D,400,299,74.75 %,34,91,27,0,152,22,69,55,1,147,299,32,89,25,0,146,24,71,56,1,152,298,35,93,26,0,154,20,65,56,1,142,296
358,Fulton,SS12,2937,2121,72.22 %,254,527,234,6,1021,160,571,362,2,1095,2116,249,526,229,6,1010,164,572,370,2,1108,2118,268,549,233,6,1056,145,534,345,2,1026,2082
359,Fulton,SS13A,2139,1426,66.67 %,230,346,91,11,678,159,382,204,3,748,1426,222,341,87,11,661,167,386,208,3,764,1425,238,345,94,10,687,145,377,189,3,714,1401
360,Fulton,SS13B,1333,869,65.19 %,133,216,52,2,403,96,255,108,7,466,869,127,206,51,2,386,102,264,108,7,481,867,132,216,54,2,404,93,253,101,7,454,858
361,Fulton,SS14,1435,1160,80.84 %,227,425,104,2,758,40,235,127,0,402,1160,223,414,102,2,741,44,243,128,0,415,1156,227,429,103,1,760,38,225,117,0,380,1140
362,Fulton,SS15A,2834,1312,46.29 %,74,77,18,4,173,285,606,224,21,1136,1309,72,76,18,3,169,288,608,225,22,1143,1312,77,74,18,4,173,281,603,221,21,1126,1299
363,Fulton,SS15B,1744,1006,57.68 %,139,130,40,3,312,177,347,161,8,693,1005,130,124,41,3,298,187,352,159,8,706,1004,136,132,44,3,315,179,344,153,8,684,999
364,Fulton,SS16,2133,1729,81.06 %,251,533,174,2,960,85,407,274,1,767,1727,247,522,166,2,937,87,419,283,1,790,1727,257,548,180,2,987,76,385,255,1,717,1704
365,Fulton,SS17,3711,2572,69.31 %,378,671,239,6,1294,227,646,387,16,1276,2570,368,659,232,6,1265,237,654,395,17,1303,2568,379,674,245,7,1305,222,631,366,16,1235,2540
366,Fulton,SS18A,656,528,80.49 %,73,152,45,2,272,20,141,94,1,256,528,74,148,41,2,265,19,144,98,1,262,527,71,155,49,2,277,21,134,85,1,241,518
367,Fulton,SS18B,243,201,82.72 %,25,52,17,2,96,17,50,37,1,105,201,27,50,16,2,95,15,52,38,1,106,201,25,56,15,2,98,17,44,38,1,100,198
368,Fulton,SS19A,3344,1868,55.86 %,109,256,67,20,452,250,805,282,79,1416,1868,109,254,63,19,445,250,807,285,80,1422,1867,120,260,74,17,471,238,794,264,80,1376,1847
369,Fulton,SS19B,2365,1461,61.78 %,113,248,76,3,440,168,610,235,7,1020,1460,111,241,72,3,427,168,617,239,7,1031,1458,115,253,79,2,449,164,597,224,7,992,1441
370,Fulton,SS20,2433,1365,56.10 %,96,249,65,8,418,158,523,239,24,944,1362,94,242,67,10,413,160,526,239,22,947,1360,94,251,69,9,423,159,510,230,23,922,1345
371,Fulton,SS22,2848,1641,57.62 %,166,336,174,7,683,182,455,298,18,953,1636,160,336,175,6,677,186,456,297,19,958,1635,167,335,181,6,689,179,450,276,19,924,1613
372,Fulton,SS26,3896,1874,48.10 %,83,158,42,14,297,291,911,320,53,1575,1872,84,152,42,16,294,290,917,320,52,1579,1873,91,162,49,15,317,282,898,305,51,1536,1853
373,Fulton,SS29A,2868,1890,65.90 %,231,369,127,1,728,184,624,347,4,1159,1887,223,358,128,1,710,191,637,346,5,1179,1889,237,376,135,1,749,171,611,326,5,1113,1862
374,Fulton,SS31,1760,1231,69.94 %,113,300,112,5,530,80,398,216,4,698,1228,112,294,108,5,519,81,404,219,4,708,1227,114,311,108,5,538,77,382,207,4,670,1208
375,Fulton,UC01A,4287,1785,41.64 %,16,38,7,0,61,429,977,292,24,1722,1783,17,35,7,0,59,428,980,293,24,1725,1784,18,36,6,0,60,425,977,291,23,1716,1776
376,Fulton,UC01B,424,174,41.04 %,2,0,0,0,2,49,99,22,1,171,173,1,0,0,0,1,50,99,23,1,173,174,1,0,0,0,1,50,98,23,1,172,173
377,Fulton,UC01D,6,0,0.00 %,0,0,0,0,0,0,0,0,0,0,0,0,0,0,0,0,0,0,0,0,0,0,0,0,0,0,0,0,0,0,0,0,0
378,Fulton,UC01E,521,371,71.21 %,4,2,0,0,6,86,230,46,3,365,371,3,0,0,0,3,87,232,46,3,368,371,6,1,0,0,7,84,231,46,3,364,371
379,Fulton,UC02A,5722,3378,59.04 %,32,38,18,0,88,549,2022,691,24,3286,3374,27,37,15,1,80,554,2024,693,23,3294,3374,25,44,21,0,90,554,2010,682,23,3269,3359
380,Fulton,UC02B,31,19,61.29 %,0,3,0,0,3,3,9,3,1,16,19,0,3,0,0,3,3,9,3,1,16,19,0,3,0,0,3,3,9,3,1,16,19
381,Fulton,UC02C,3681,1816,49.33 %,14,51,13,6,84,244,1109,310,69,1732,1816,15,50,14,5,84,243,1110,309,69,1731,1815,14,51,15,5,85,243,1102,307,67,1719,1804
382,Fulton,UC031,2811,1371,48.77 %,40,81,109,0,230,210,588,333,6,1137,1367,41,74,108,0,223,210,596,336,6,1148,1371,39,75,105,0,219,210,589,328,5,1132,1351
383,Fulton,UC032,409,246,60.15 %,10,7,18,0,35,44,116,50,1,211,246,10,7,17,0,34,44,116,51,1,212,246,11,9,17,0,37,43,114,49,1,207,244
0,Gilmer,Ellijay South,3226,1993,61.78 %,488,817,250,0,1555,50,165,218,0,433,1988,485,816,247,0,1548,54,167,220,0,441,1989,481,819,255,0,1555,51,151,202,0,404,1959
1,Gilmer,Cartecay,1624,1104,67.98 %,438,369,142,1,950,23,57,74,0,154,1104,437,370,139,1,947,23,56,77,0,156,1103,433,369,146,1,949,24,54,66,0,144,1093
2,Gilmer,Tails Creek,1845,1065,57.72 %,457,339,106,0,902,62,54,46,0,162,1064,458,339,104,0,901,61,53,48,0,162,1063,457,335,106,0,898,55,52,43,0,150,1048
3,Gilmer,Town Creek,1270,725,57.09 %,346,216,63,0,625,33,24,42,0,99,724,349,214,60,0,623,30,27,43,0,100,723,342,216,61,0,619,29,24,42,0,95,714
4,Gilmer,Leaches,3022,1970,65.19 %,645,707,235,3,1590,64,148,164,0,376,1966,649,704,233,3,1589,61,152,166,0,379,1968,642,705,233,3,1583,58,142,151,0,351,1934
5,Gilmer,Cherry Log,953,699,73.35 %,279,185,75,0,539,39,56,65,0,160,699,278,187,74,0,539,40,54,66,0,160,699,277,186,72,0,535,33,54,64,0,151,686
6,Gilmer,Boardtown,1428,1097,76.82 %,337,423,142,0,902,30,67,96,0,193,1095,339,423,140,0,902,28,68,98,0,194,1096,335,419,142,0,896,28,67,92,0,187,1083
7,Gilmer,Mountaintown,1170,810,69.23 %,305,283,91,0,679,35,48,47,0,130,809,305,281,90,0,676,35,50,48,0,133,809,303,280,93,0,676,37,48,44,0,129,805
8,Gilmer,East Ellijay,1700,1121,65.94 %,334,442,156,0,932,52,60,76,0,188,1120,332,443,154,0,929,54,59,78,0,191,1120,334,439,154,0,927,47,56,76,0,179,1106
9,Gilmer,Ellijay North,1844,1114,60.41 %,337,423,156,0,916,37,82,76,1,196,1112,336,425,154,0,915,37,82,78,1,198,1113,336,421,147,0,904,35,75,74,1,185,1089
10,Gilmer,Yukon,1322,833,63.01 %,377,258,69,0,704,37,32,59,0,128,832,376,258,69,0,703,37,32,60,0,129,832,374,260,71,0,705,37,30,58,0,125,830
11,Gilmer,Big Creek,1503,1034,68.80 %,397,329,114,0,840,27,62,104,0,193,1033,396,326,113,0,835,29,65,105,0,199,1034,393,324,109,0,826,25,58,101,0,184,1010
12,Gilmer,Ellijay Northeast,1874,1282,68.41 %,349,527,153,0,1029,17,110,125,0,252,1281,349,526,150,0,1025,17,111,127,0,255,1280,346,523,148,0,1017,18,111,124,0,253,1270
0,Glascock,Edgehill,136,113,83.09 %,58,35,8,0,101,4,6,2,0,12,113,58,35,8,0,101,4,6,2,0,12,113,59,33,8,0,100,3,6,2,0,11,111
1,Glascock,Gibson,677,433,63.96 %,142,199,45,0,386,22,15,10,0,47,433,142,199,45,0,386,22,14,10,0,46,432,143,198,41,0,382,18,13,9,0,40,422
2,Glascock,Mill,778,513,65.94 %,183,237,55,0,475,7,14,16,0,37,512,184,238,55,0,477,6,13,16,0,35,512,179,233,54,0,466,5,16,15,0,36,502
3,Glascock,Mitchell,448,307,68.53 %,111,118,39,0,268,12,12,14,0,38,306,112,118,40,0,270,11,13,13,0,37,307,109,117,39,0,265,12,13,13,0,38,303
0,Glynn,Sterling Elementary,4654,2761,59.33 %,593,1170,294,3,2060,133,324,238,2,697,2757,590,1172,298,3,2063,134,321,233,2,690,2753,604,1166,294,3,2067,120,317,231,2,670,2737
1,Glynn,Brookman,3513,2111,60.09 %,583,769,140,4,1496,96,302,210,2,610,2106,583,772,143,4,1502,95,300,209,2,606,2108,584,765,147,4,1500,94,303,205,2,604,2104
2,Glynn,Satilla Marshes,2859,1845,64.53 %,460,694,134,3,1291,105,252,194,1,552,1843,456,691,134,3,1284,108,255,195,1,559,1843,457,692,135,3,1287,102,251,183,1,537,1824
3,Glynn,Blythe Island Baptist,2551,1596,62.56 %,390,744,177,0,1311,49,145,89,2,285,1596,387,748,178,0,1313,50,139,88,2,279,1592,383,746,180,0,1309,48,136,83,2,269,1578
4,Glynn,Christian Renewal,3752,2983,79.50 %,503,1286,323,9,2121,113,425,319,1,858,2979,501,1282,324,9,2116,113,427,317,1,858,2974,498,1293,327,9,2127,104,400,298,1,803,2930
5,Glynn,Hampton River,2868,2292,79.92 %,380,1045,254,5,1684,55,271,280,1,607,2291,379,1039,249,4,1671,56,276,278,2,612,2283,380,1053,255,3,1691,54,254,253,0,561,2252
6,Glynn,St William Catholic Church,4383,3368,76.84 %,584,1471,309,3,2367,106,508,379,0,993,3360,580,1474,307,3,2364,111,505,382,0,998,3362,585,1478,315,3,2381,97,482,357,0,936,3317
7,Glynn,First Baptist,4410,3330,75.51 %,470,1495,356,4,2325,130,525,345,1,1001,3326,469,1489,353,4,2315,131,529,345,1,1006,3321,476,1506,361,3,2346,117,496,323,1,937,3283
8,Glynn,Jekyll Island,784,629,80.23 %,215,75,65,0,355,83,57,134,0,274,629,215,73,64,0,352,82,58,135,0,275,627,220,75,66,0,361,75,54,126,0,255,616
9,Glynn,Sterling Church of God,3977,2103,52.88 %,508,709,171,0,1388,145,346,223,1,715,2103,513,706,173,0,1392,139,348,219,1,707,2099,510,711,167,0,1388,135,338,223,1,697,2085
10,Glynn,SE Baptist Bldg,2136,1115,52.20 %,262,429,82,0,773,83,155,101,0,339,1112,261,429,85,0,775,84,155,100,1,340,1115,261,427,87,0,775,80,152,95,0,327,1102
11,Glynn,Career Academy,2991,1785,59.68 %,434,656,181,1,1272,101,237,170,2,510,1782,435,657,180,1,1273,100,236,171,2,509,1782,429,653,183,0,1265,102,235,165,2,504,1769
12,Glynn,C B Greer School,3340,2015,60.33 %,443,751,170,0,1364,95,308,246,1,650,2014,443,752,169,0,1364,94,307,247,1,649,2013,444,754,172,0,1370,88,300,237,0,625,1995
13,Glynn,Ballard,3363,1717,51.06 %,270,646,201,4,1121,125,285,182,2,594,1715,271,647,201,4,1123,124,282,181,2,589,1712,267,642,195,4,1108,122,276,176,2,576,1684
14,Glynn,Northside Baptist,3362,1762,52.41 %,258,306,118,0,682,229,489,355,2,1075,1757,259,307,120,0,686,227,489,354,2,1072,1758,256,302,116,0,674,227,484,351,2,1064,1738
15,Glynn,The Chapel,3005,1394,46.39 %,164,284,103,1,552,166,378,289,0,833,1385,162,284,104,1,551,170,381,289,0,840,1391,163,289,100,1,553,168,373,286,0,827,1380
16,Glynn,College Place UMC,2386,1209,50.67 %,129,249,100,0,478,138,301,288,1,728,1206,128,250,97,0,475,139,300,292,1,732,1207,132,249,100,0,481,134,292,278,1,705,1186
17,Glynn,Howard Coffin Park,3348,1562,46.65 %,204,260,91,1,556,205,469,329,1,1004,1560,204,263,84,1,552,202,467,336,1,1006,1558,197,266,83,0,546,207,457,328,2,994,1540
18,Glynn,Urbana-Perry Parks,3682,1389,37.72 %,38,50,31,0,119,275,559,424,6,1264,1383,36,50,32,1,119,277,559,425,5,1266,1385,34,49,31,1,115,278,557,421,4,1260,1375
19,Glynn,Selden Park,1455,548,37.66 %,46,94,18,3,161,86,154,145,2,387,548,43,95,17,3,158,87,153,146,2,388,546,45,92,19,3,159,85,153,142,2,382,541
0,Gordon,Sugar Valley,1500,890,59.33 %,432,286,67,1,786,35,32,35,0,102,888,431,285,69,1,786,37,33,34,0,104,890,430,282,61,1,774,37,30,37,0,104,878
1,Gordon,Plainville,2088,1118,53.54 %,545,305,92,0,942,56,56,63,0,175,1117,544,308,89,0,941,55,53,66,0,174,1115,531,308,92,0,931,63,50,58,0,171,1102
2,Gordon,Sonoraville,5480,3205,58.49 %,1356,1125,287,1,2769,121,162,148,0,431,3200,1353,1125,282,1,2761,124,162,152,0,438,3199,1345,1122,281,1,2749,123,149,141,0,413,3162
3,Gordon,Pine Chapel,1095,654,59.73 %,322,204,46,0,572,20,19,42,0,81,653,320,204,50,0,574,22,19,39,0,80,654,323,198,49,0,570,17,19,38,0,74,644
4,Gordon,Oostanaula,686,451,65.74 %,214,92,55,1,362,33,26,28,0,87,449,215,93,56,1,365,33,24,28,0,85,450,215,92,56,1,364,28,25,27,0,80,444
5,Gordon,Oakman,1460,782,53.56 %,422,183,76,0,681,30,26,44,1,101,782,421,183,77,0,681,31,26,43,1,101,782,420,179,74,0,673,30,24,42,1,97,770
6,Gordon,Gordon County,6528,3303,50.60 %,1032,1259,350,1,2642,173,272,213,1,659,3301,1028,1253,347,2,2630,176,276,216,0,668,3298,1027,1257,347,2,2633,169,256,196,0,621,3254
7,Gordon,Calhoun City,9745,5055,51.87 %,1156,1854,523,2,3535,388,607,512,2,1509,5044,1147,1839,514,2,3502,400,625,521,2,1548,5050,1169,1847,531,2,3549,366,583,477,2,1428,4977
8,Gordon,Lily Pond,1961,1154,58.85 %,442,419,111,1,973,51,48,81,0,180,1153,439,422,109,1,971,54,45,83,0,182,1153,434,414,109,1,958,47,45,77,0,169,1127
9,Gordon,Fairmount,2033,1211,59.57 %,694,230,137,0,1061,66,36,47,0,149,1210,696,231,137,0,1064,63,35,47,0,145,1209,695,230,136,0,1061,56,36,45,0,137,1198
10,Gordon,Red Bud,3032,1757,57.95 %,740,606,113,1,1460,93,105,96,1,295,1755,741,604,115,1,1461,93,107,93,1,294,1755,726,606,113,1,1446,92,98,89,1,280,1726
11,Gordon,Resaca,1568,801,51.08 %,407,201,80,0,688,44,38,30,0,112,800,407,203,79,0,689,43,37,30,0,110,799,408,203,76,0,687,38,34,28,0,100,787
0,Gwinnett,HARBINS A,7307,4701,64.34 %,635,1105,330,7,2077,397,1431,784,9,2621,4698,633,1099,325,6,2063,398,1438,789,10,2635,4698,639,1122,338,7,2106,391,1403,754,9,2557,4663
1,Gwinnett,ROCKBRIDGE A,4056,2554,62.97 %,138,200,119,0,457,370,1113,599,13,2095,2552,138,198,116,0,452,370,1114,601,13,2098,2550,137,205,127,0,469,371,1105,582,12,2070,2539
2,Gwinnett,DACULA,4860,3011,61.95 %,346,667,153,0,1166,330,943,566,3,1842,3008,338,662,149,0,1149,337,944,569,3,1853,3002,354,674,153,0,1181,318,930,550,3,1801,2982
3,Gwinnett,SUWANEE A,1802,1082,60.04 %,185,212,100,2,499,142,254,186,1,583,1082,178,206,93,2,479,148,259,193,1,601,1080,181,220,99,2,502,145,243,179,0,567,1069
4,Gwinnett,BAYCREEK A,2751,1941,70.56 %,361,429,198,0,988,166,474,313,0,953,1941,353,419,196,0,968,174,484,315,0,973,1941,364,430,196,0,990,163,468,305,0,936,1926
5,Gwinnett,GOODWINS A,3982,2480,62.28 %,362,393,171,1,927,355,705,486,1,1547,2474,353,391,168,1,913,364,707,489,1,1561,2474,355,406,179,1,941,356,688,469,1,1514,2455
6,Gwinnett,DULUTH A,5114,3492,68.28 %,378,706,298,4,1386,322,874,896,5,2097,3483,377,697,282,5,1361,324,883,915,4,2126,3487,391,718,320,5,1434,306,850,837,4,1997,3431
7,Gwinnett,DUNCANS A,4820,3448,71.54 %,660,1137,348,1,2146,201,605,486,1,1293,3439,645,1122,343,1,2111,215,621,494,1,1331,3442,664,1145,346,1,2156,188,592,464,1,1245,3401
8,Gwinnett,PUCKETTS A,5773,3963,68.65 %,672,1442,461,2,2577,228,736,419,0,1383,3960,667,1434,459,2,2562,232,744,419,0,1395,3957,674,1470,459,2,2605,221,703,400,0,1324,3929
9,Gwinnett,CATES A,2430,1608,66.17 %,249,363,255,2,869,138,318,283,0,739,1608,244,360,248,2,854,142,321,290,0,753,1607,246,366,252,2,866,138,309,268,0,715,1581
10,Gwinnett,BERKSHIRE A,2607,1404,53.86 %,192,170,76,3,441,278,387,289,5,959,1400,194,165,72,2,433,278,392,288,6,964,1397,203,169,85,3,460,262,385,278,5,930,1390
11,Gwinnett,BERKSHIRE B,5445,3109,57.10 %,158,391,190,1,740,417,1254,683,5,2359,3099,150,386,188,1,725,428,1261,685,5,2379,3104,163,392,205,2,762,413,1244,658,4,2319,3081
12,Gwinnett,DUNCANS C,3052,2294,75.16 %,551,783,192,2,1528,131,383,250,0,764,2292,540,779,182,2,1503,142,388,258,0,788,2291,561,800,197,2,1560,119,366,235,0,720,2280
13,Gwinnett,GARNERS A,3530,2570,72.80 %,343,617,337,1,1298,201,630,439,0,1270,2568,336,605,322,1,1264,208,642,453,0,1303,2567,357,638,343,1,1339,184,603,418,0,1205,2544
14,Gwinnett,LAWRENCEVILLE A,3746,2055,54.86 %,229,374,221,0,824,250,522,451,7,1230,2054,226,368,217,0,811,251,528,454,7,1240,2051,232,369,223,1,825,238,514,396,6,1154,1979
15,Gwinnett,LAWRENCEVILLE B,5168,3206,62.04 %,231,440,205,1,877,312,1366,646,0,2324,3201,230,431,199,1,861,314,1376,653,0,2343,3204,235,447,208,1,891,303,1356,629,0,2288,3179
16,Gwinnett,MARTINS A,3395,1754,51.66 %,144,124,70,1,339,379,629,402,4,1414,1753,142,121,67,1,331,381,632,405,4,1422,1753,151,126,71,1,349,372,625,393,4,1394,1743
17,Gwinnett,MARTINS B,3096,1681,54.30 %,179,212,119,2,512,312,519,333,1,1165,1677,173,215,121,2,511,317,518,329,1,1165,1676,180,221,114,1,516,308,508,323,2,1141,1657
18,Gwinnett,MARTINS C,2634,1599,60.71 %,207,232,146,0,585,262,414,336,2,1014,1599,206,232,145,0,583,262,414,337,2,1015,1598,208,232,151,0,591,258,406,323,2,989,1580
19,Gwinnett,PINCKNEYVILLE A,2852,1405,49.26 %,100,88,41,3,232,338,504,323,5,1170,1402,100,87,36,3,226,339,505,325,5,1174,1400,108,89,39,3,239,330,500,312,5,1147,1386
20,Gwinnett,PINCKNEYVILLE B,3563,1751,49.14 %,134,181,88,3,406,333,663,339,4,1339,1745,135,180,84,3,402,335,664,341,4,1344,1746,137,181,86,3,407,326,656,327,4,1313,1720
21,Gwinnett,PINCKNEYVILLE C,2113,1595,75.49 %,356,199,228,2,785,172,267,368,1,808,1593,351,196,212,2,761,177,270,384,1,832,1593,356,208,231,3,798,163,255,345,0,763,1561
22,Gwinnett,PINCKNEYVILLE D,2323,1103,47.48 %,78,99,45,0,222,284,362,230,4,880,1102,79,99,44,0,222,283,360,230,4,877,1099,86,106,41,0,233,271,348,227,2,848,1081
23,Gwinnett,SUGAR HILL A,4750,2603,54.80 %,614,525,239,3,1381,293,529,395,2,1219,2600,609,519,236,3,1367,296,535,396,2,1229,2596,627,530,244,3,1404,275,517,382,2,1176,2580
24,Gwinnett,SUGAR HILL B,5735,3534,61.62 %,769,727,298,1,1795,446,712,576,2,1736,3531,769,718,300,2,1789,447,722,571,1,1741,3530,779,727,303,2,1811,430,703,550,1,1684,3495
25,Gwinnett,HOG MOUNTAIN A,5086,2959,58.18 %,453,457,197,1,1108,441,852,551,2,1846,2954,449,454,195,1,1099,447,854,550,2,1853,2952,457,473,204,1,1135,431,828,525,2,1786,2921
26,Gwinnett,HOG MOUNTAIN B,4639,3153,67.97 %,579,799,311,1,1690,241,656,560,2,1459,3149,577,789,307,1,1674,243,665,564,2,1474,3148,587,817,311,1,1716,231,631,541,2,1405,3121
27,Gwinnett,ROCKYCREEK A,6051,4064,67.16 %,688,1135,292,2,2117,379,941,619,3,1942,4059,670,1120,290,1,2081,395,957,622,4,1978,4059,678,1153,306,2,2139,380,915,589,3,1887,4026
28,Gwinnett,CATES B,1589,1090,68.60 %,194,246,167,1,608,92,196,188,3,479,1087,194,244,156,1,595,93,198,198,3,492,1087,197,251,162,1,611,89,188,177,3,457,1068
29,Gwinnett,CATES C,2952,1927,65.28 %,212,225,158,0,595,279,681,363,7,1330,1925,209,222,151,0,582,282,684,372,7,1345,1927,209,230,159,0,598,279,673,354,7,1313,1911
30,Gwinnett,HOG MOUNTAIN D,3227,2025,62.75 %,427,458,185,0,1070,196,398,356,3,953,2023,420,449,180,0,1049,202,408,362,3,975,2024,433,460,184,0,1077,185,395,355,3,938,2015
31,Gwinnett,BERKSHIRE D,2969,2014,67.83 %,220,376,221,4,821,191,559,442,1,1193,2014,220,365,219,4,808,188,569,444,1,1202,2010,224,386,235,3,848,180,541,415,2,1138,1986
32,Gwinnett,BERKSHIRE E,2025,1437,70.96 %,234,348,152,2,736,104,354,240,2,700,1436,230,342,149,2,723,108,358,244,2,712,1435,230,356,156,2,744,104,340,231,2,677,1421
33,Gwinnett,BERKSHIRE F,2295,1269,55.29 %,197,128,109,0,434,231,340,259,3,833,1267,192,130,108,1,431,233,339,259,2,833,1264,196,133,105,1,435,226,336,258,2,822,1257
34,Gwinnett,CATES D,3828,2582,67.45 %,338,455,222,0,1015,283,755,528,1,1567,2582,333,452,216,0,1001,285,756,533,1,1575,2576,346,463,234,0,1043,270,737,493,1,1501,2544
35,Gwinnett,CATES E,2964,2159,72.84 %,308,459,228,1,996,204,528,425,3,1160,2156,306,447,217,1,971,206,541,436,3,1186,2157,315,472,219,1,1007,193,510,421,3,1127,2134
36,Gwinnett,PINCKNEYVILLE E,2242,1100,49.06 %,115,56,42,3,216,301,341,234,6,882,1098,113,57,37,2,209,303,341,240,7,891,1100,122,58,46,2,228,292,335,227,7,861,1089
37,Gwinnett,PINCKNEYVILLE F,2618,1346,51.41 %,138,160,70,0,368,312,351,310,4,977,1345,133,156,67,0,356,317,355,314,4,990,1346,141,164,73,0,378,307,343,299,4,953,1331
38,Gwinnett,DUNCANS D,7289,4969,68.17 %,1060,1581,515,1,3157,362,768,674,3,1807,4964,1046,1577,507,1,3131,376,772,683,3,1834,4965,1067,1599,520,1,3187,353,744,648,2,1747,4934
39,Gwinnett,PINCKNEYVILLE H,4617,3319,71.89 %,471,602,361,0,1434,329,737,817,1,1884,3318,464,591,345,0,1400,335,747,829,1,1912,3312,468,612,378,0,1458,327,719,774,1,1821,3279
40,Gwinnett,BAYCREEK B,6047,3859,63.82 %,384,408,200,4,996,636,1453,763,8,2860,3856,383,406,195,4,988,636,1455,765,8,2864,3852,394,417,200,4,1015,621,1436,743,8,2808,3823
41,Gwinnett,LAWRENCEVILLE C,3078,1891,61.44 %,393,410,190,2,995,223,380,291,0,894,1889,394,407,184,2,987,222,382,297,0,901,1888,401,409,193,2,1005,208,373,272,0,853,1858
42,Gwinnett,MARTINS D,2478,1204,48.59 %,90,92,67,0,249,286,376,287,3,952,1201,89,89,65,0,243,288,379,288,3,958,1201,92,95,62,0,249,282,372,285,3,942,1191
43,Gwinnett,ROCKBRIDGE B,4233,2530,59.77 %,155,261,103,0,519,400,1033,568,5,2006,2525,149,265,102,0,516,406,1032,568,5,2011,2527,154,272,106,0,532,399,1020,554,5,1978,2510
44,Gwinnett,GARNERS B,3224,2086,64.70 %,164,316,175,0,655,238,786,401,2,1427,2082,162,315,172,0,649,239,785,404,2,1430,2079,166,318,180,0,664,235,775,389,1,1400,2064
45,Gwinnett,CATES F,1822,1321,72.50 %,292,236,175,5,708,120,268,225,0,613,1321,291,234,172,5,702,120,270,228,0,618,1320,294,242,175,4,715,116,258,217,0,591,1306
46,Gwinnett,CATES G,2928,2203,75.24 %,344,534,276,0,1154,187,473,388,0,1048,2202,339,527,270,0,1136,191,480,393,0,1064,2200,360,543,289,0,1192,167,458,361,0,986,2178
47,Gwinnett,DULUTH B,3635,2325,63.96 %,367,425,275,6,1073,243,481,519,5,1248,2321,360,423,270,6,1059,249,483,525,5,1262,2321,367,431,280,5,1083,239,472,502,3,1216,2299
48,Gwinnett,GARNERS C,2040,1302,63.82 %,216,191,85,0,492,175,388,243,3,809,1301,212,193,83,1,489,178,385,245,2,810,1299,218,198,90,1,507,170,380,234,2,786,1293
49,Gwinnett,PINCKNEYVILLE I,2726,1368,50.18 %,107,140,99,0,346,277,452,292,0,1021,1367,104,142,98,0,344,280,450,292,0,1022,1366,103,150,100,0,353,276,441,281,0,998,1351
50,Gwinnett,PINCKNEYVILLE J,2691,1273,47.31 %,77,58,45,1,181,298,522,259,9,1088,1269,82,58,43,1,184,295,523,261,9,1088,1272,78,64,45,1,188,292,513,255,9,1069,1257
51,Gwinnett,BERKSHIRE G,2436,1723,70.73 %,241,384,181,1,807,171,472,268,2,913,1720,237,388,179,1,805,175,468,269,2,914,1719,246,395,186,1,828,162,455,255,2,874,1702
52,Gwinnett,CATES H,4013,2272,56.62 %,146,304,121,2,573,391,826,473,6,1696,2269,144,293,118,2,557,393,837,474,6,1710,2267,145,300,123,1,569,390,828,453,6,1677,2246
53,Gwinnett,SUGAR HILL C,5133,3396,66.16 %,904,773,304,4,1985,289,625,493,2,1409,3394,895,764,294,4,1957,298,635,501,2,1436,3393,923,778,306,4,2011,262,613,478,2,1355,3366
54,Gwinnett,SUGAR HILL D,4759,2853,59.95 %,530,805,212,8,1555,241,626,422,5,1294,2849,527,801,208,8,1544,244,633,424,5,1306,2850,530,826,209,8,1573,239,608,416,5,1268,2841
55,Gwinnett,DULUTH C,2295,1437,62.61 %,249,226,151,0,626,185,313,307,4,809,1435,240,221,145,0,606,194,319,309,4,826,1432,247,234,157,0,638,183,304,293,4,784,1422
56,Gwinnett,DULUTH D,5199,2895,55.68 %,334,460,213,5,1012,354,920,601,5,1880,2892,333,454,204,4,995,354,925,610,6,1895,2890,342,467,221,4,1034,339,905,582,6,1832,2866
57,Gwinnett,PINCKNEYVILLE K,3851,1868,48.51 %,130,151,78,0,359,419,674,405,7,1505,1864,129,154,76,0,359,420,670,408,7,1505,1864,131,153,83,0,367,412,666,393,7,1478,1845
58,Gwinnett,PINCKNEYVILLE N,3962,2052,51.79 %,145,124,44,2,315,555,741,432,6,1734,2049,140,125,42,2,309,559,739,435,6,1739,2048,147,130,49,3,329,552,727,422,5,1706,2035
59,Gwinnett,LAWRENCEVILLE D,5161,2350,45.53 %,169,155,154,1,479,467,910,485,5,1867,2346,170,155,150,1,476,465,912,487,6,1870,2346,168,160,159,1,488,462,903,467,5,1837,2325
60,Gwinnett,LAWRENCEVILLE E,2388,1535,64.28 %,209,299,214,0,722,189,320,300,2,811,1533,202,292,212,0,706,195,327,301,2,825,1531,210,297,221,0,728,184,317,284,2,787,1515
61,Gwinnett,PINCKNEYVILLE L,2348,1944,82.79 %,486,376,293,1,1156,154,241,392,1,788,1944,483,370,279,1,1133,157,247,404,1,809,1942,492,384,314,1,1191,143,230,348,1,722,1913
62,Gwinnett,PINCKNEYVILLE M,2700,2207,81.74 %,543,575,280,0,1398,137,279,388,1,805,2203,529,567,263,0,1359,150,287,405,1,843,2202,551,589,293,0,1433,126,262,357,1,746,2179
63,Gwinnett,GARNERS D,3518,2215,62.96 %,101,218,168,0,487,314,857,551,5,1727,2214,100,219,166,0,485,316,856,551,5,1728,2213,103,224,174,0,501,309,846,530,5,1690,2191
64,Gwinnett,BERKSHIRE H,2018,1064,52.73 %,116,147,89,1,353,194,328,185,3,710,1063,114,146,85,2,347,195,328,189,2,714,1061,118,154,88,1,361,191,320,178,3,692,1053
65,Gwinnett,PINCKNEYVILLE O,3463,1721,49.70 %,116,178,82,2,378,313,677,338,8,1336,1714,111,177,85,2,375,318,679,339,8,1344,1719,114,173,90,3,380,309,674,319,7,1309,1689
66,Gwinnett,PUCKETTS E,5774,3370,58.37 %,456,811,235,1,1503,331,932,596,3,1862,3365,454,804,230,1,1489,333,940,602,3,1878,3367,444,826,238,1,1509,333,908,580,3,1824,3333
67,Gwinnett,CATES I,3564,2555,71.69 %,425,421,205,0,1051,245,745,511,3,1504,2555,419,416,205,0,1040,250,750,511,3,1514,2554,435,447,215,0,1097,229,713,480,3,1425,2522
68,Gwinnett,CATES J,3524,2383,67.62 %,321,342,216,1,880,300,722,478,2,1502,2382,312,335,205,1,853,307,728,490,2,1527,2380,322,352,226,0,900,293,709,450,3,1455,2355
69,Gwinnett,GOODWINS B,4015,2678,66.70 %,520,617,238,0,1375,289,521,482,1,1293,2668,509,611,230,0,1350,301,527,491,1,1320,2670,532,627,251,0,1410,275,503,459,1,1238,2648
70,Gwinnett,LAWRENCEVILLE F,4146,2520,60.78 %,183,237,123,0,543,362,1013,594,3,1972,2515,182,236,121,0,539,362,1014,595,3,1974,2513,187,243,129,0,559,352,1001,578,3,1934,2493
71,Gwinnett,MARTINS E,6447,2644,41.01 %,107,95,60,4,266,661,1084,608,15,2368,2634,105,92,58,3,258,661,1088,611,16,2376,2634,117,95,66,5,283,644,1081,587,14,2326,2609
72,Gwinnett,PINCKNEYVILLE P,2215,1518,68.53 %,261,185,195,2,643,237,291,346,1,875,1518,254,184,188,2,628,243,292,352,1,888,1516,252,192,211,2,657,241,284,322,1,848,1505
73,Gwinnett,PINCKNEYVILLE Q,1961,1003,51.15 %,71,30,15,0,116,330,341,210,3,884,1000,69,32,12,0,113,333,340,213,3,889,1002,68,29,17,0,114,331,343,206,3,883,997
74,Gwinnett,ROCKBRIDGE C,5214,3531,67.72 %,165,258,135,1,559,428,1631,907,4,2970,3529,159,253,131,1,544,433,1636,909,4,2982,3526,161,272,138,1,572,427,1612,887,4,2930,3502
75,Gwinnett,ROCKBRIDGE D,3710,2524,68.03 %,138,301,143,1,583,273,1067,583,9,1932,2515,129,302,142,1,574,281,1071,583,10,1945,2519,129,315,143,1,588,282,1054,573,9,1918,2506
76,Gwinnett,GOODWINS C,5902,3382,57.30 %,364,420,270,0,1054,495,1048,773,5,2321,3375,363,418,258,0,1039,497,1051,783,5,2336,3375,371,440,268,1,1080,482,1019,754,4,2259,3339
77,Gwinnett,BAYCREEK K,3909,2624,67.13 %,239,527,245,1,1012,253,867,489,1,1610,2622,235,520,242,1,998,256,872,488,1,1617,2615,247,537,256,1,1041,242,854,466,1,1563,2604
78,Gwinnett,CATES K,2838,1970,69.42 %,366,344,193,0,903,208,497,355,4,1064,1967,363,346,189,0,898,211,493,358,4,1066,1964,369,358,208,0,935,201,476,330,3,1010,1945
79,Gwinnett,BAYCREEK C,6614,4431,66.99 %,500,710,262,1,1473,488,1581,878,5,2952,4425,492,706,259,1,1458,496,1586,882,5,2969,4427,514,717,270,1,1502,469,1555,852,5,2881,4383
80,Gwinnett,CATES L,4255,2744,64.49 %,326,426,256,1,1009,342,864,520,4,1730,2739,325,423,251,1,1000,343,867,528,5,1743,2743,330,438,261,1,1030,335,850,498,3,1686,2716
81,Gwinnett,DULUTH E,4982,3017,60.56 %,250,397,174,2,823,438,1008,738,7,2191,3014,242,395,170,2,809,444,1010,745,7,2206,3015,256,408,194,2,860,425,991,698,7,2121,2981
82,Gwinnett,GOODWINS D,4447,2671,60.06 %,466,465,228,1,1160,361,632,514,1,1508,2668,462,463,230,1,1156,367,633,512,1,1513,2669,466,479,247,1,1193,350,614,481,1,1446,2639
83,Gwinnett,LAWRENCEVILLE G,3096,1796,58.01 %,141,201,101,1,444,308,652,386,2,1348,1792,140,198,101,1,440,310,655,386,2,1353,1793,146,199,108,1,454,301,649,373,1,1324,1778
84,Gwinnett,LAWRENCEVILLE H,4344,2800,64.46 %,463,558,254,1,1276,304,660,556,2,1522,2798,459,548,245,1,1253,309,670,562,2,1543,2796,463,557,256,1,1277,296,655,535,2,1488,2765
85,Gwinnett,MARTINS F,2615,1287,49.22 %,142,96,63,1,302,257,420,302,3,982,1284,140,96,62,2,300,258,421,303,2,984,1284,142,95,63,1,301,253,418,299,3,973,1274
86,Gwinnett,PINCKNEYVILLE S,3482,1934,55.54 %,227,260,155,0,642,344,521,414,8,1287,1929,227,257,149,0,633,345,522,420,8,1295,1928,231,254,155,0,640,335,517,402,8,1262,1902
87,Gwinnett,ROCKBRIDGE E,4737,2716,57.34 %,198,223,83,0,504,500,1038,661,10,2209,2713,202,221,84,0,507,494,1040,656,10,2200,2707,200,227,86,0,513,494,1032,642,10,2178,2691
88,Gwinnett,SUGAR HILL E,3653,2318,63.45 %,470,520,199,8,1197,256,528,333,3,1120,2317,467,514,189,7,1177,259,534,344,3,1140,2317,475,534,213,8,1230,247,511,311,3,1072,2302
89,Gwinnett,LAWRENCEVILLE I,3372,1916,56.82 %,243,270,142,1,656,329,531,393,3,1256,1912,242,270,137,1,650,331,527,398,3,1259,1909,243,273,138,1,655,325,525,383,3,1236,1891
90,Gwinnett,BAYCREEK D,4658,3109,66.75 %,454,612,235,0,1301,294,934,575,4,1807,3108,450,602,236,0,1288,298,944,575,4,1821,3109,459,619,241,0,1319,282,916,555,3,1756,3075
91,Gwinnett,BERKSHIRE J,2763,2049,74.16 %,285,498,197,0,980,166,519,381,2,1068,2048,278,489,186,0,953,173,527,392,2,1094,2047,288,514,200,0,1002,156,498,366,2,1022,2024
92,Gwinnett,CATES M,4013,2909,72.49 %,409,671,350,2,1432,222,735,513,1,1471,2903,398,659,334,2,1393,236,746,529,1,1512,2905,426,689,371,2,1488,206,714,472,1,1393,2881
93,Gwinnett,CATES N,2600,1828,70.31 %,325,451,282,0,1058,158,334,275,1,768,1826,320,447,277,0,1044,162,338,280,1,781,1825,322,446,292,0,1060,159,337,258,1,755,1815
94,Gwinnett,DULUTH F,6356,3160,49.72 %,183,248,167,2,600,571,1115,856,12,2554,3154,186,250,167,2,605,570,1114,855,12,2551,3156,200,260,180,2,642,553,1097,828,11,2489,3131
95,Gwinnett,DULUTH G,3090,2062,66.73 %,376,414,256,1,1047,207,396,406,2,1011,2058,372,409,249,1,1031,210,401,413,2,1026,2057,387,420,265,0,1072,190,388,385,3,966,2038
96,Gwinnett,GOODWINS E,5582,3508,62.84 %,567,611,273,2,1453,434,927,687,2,2050,3503,558,598,262,2,1420,443,939,699,2,2083,3503,581,627,291,2,1501,413,902,653,2,1970,3471
97,Gwinnett,GOODWINS F,3258,1983,60.87 %,320,311,158,4,793,235,502,447,4,1188,1981,312,306,158,4,780,242,507,444,3,1196,1976,318,316,179,4,817,231,490,404,3,1128,1945
98,Gwinnett,PINCKNEYVILLE T,3237,1827,56.44 %,206,275,191,2,674,284,473,390,4,1151,1825,204,276,189,2,671,286,470,390,4,1150,1821,210,283,195,2,690,273,462,369,4,1108,1798
99,Gwinnett,SUWANEE B,4701,3167,67.37 %,407,859,277,3,1546,234,830,551,2,1617,3163,402,847,271,3,1523,240,842,557,2,1641,3164,418,884,297,3,1602,222,797,511,2,1532,3134
100,Gwinnett,PINCKNEYVILLE U,2145,1362,63.50 %,245,133,105,1,484,257,324,294,2,877,1361,241,133,104,1,479,261,323,295,2,881,1360,245,138,106,1,490,251,316,285,2,854,1344
101,Gwinnett,PUCKETTS B,3135,2117,67.53 %,437,625,208,2,1272,151,418,271,0,840,2112,435,619,203,2,1259,156,425,277,0,858,2117,438,633,209,2,1282,150,406,256,0,812,2094
102,Gwinnett,BERKSHIRE L,3359,1818,54.12 %,154,172,102,0,428,434,560,392,2,1388,1816,156,170,103,0,429,432,562,391,2,1387,1816,157,177,108,0,442,425,549,376,2,1352,1794
103,Gwinnett,ROCKBRIDGE F,5867,3826,65.21 %,132,332,184,0,648,450,1940,782,1,3173,3821,132,329,183,0,644,449,1945,783,1,3178,3822,130,334,189,0,653,448,1931,762,1,3142,3795
104,Gwinnett,SUGAR HILL F,4181,2600,62.19 %,596,528,241,0,1365,343,456,431,3,1233,2598,593,525,232,0,1350,344,459,440,3,1246,2596,600,540,243,0,1383,331,443,410,3,1187,2570
105,Gwinnett,SUWANEE C,5801,3633,62.63 %,502,833,349,2,1686,371,823,745,5,1944,3630,495,823,334,2,1654,380,833,757,5,1975,3629,522,845,371,3,1741,346,800,699,4,1849,3590
106,Gwinnett,CATES O,1458,1019,69.89 %,207,169,94,0,470,137,217,191,2,547,1017,199,170,90,0,459,143,217,192,2,554,1013,209,178,97,0,484,130,208,186,2,526,1010
107,Gwinnett,BAYCREEK E,3336,2041,61.18 %,234,319,165,1,719,286,649,378,5,1318,2037,234,319,162,1,716,287,648,381,5,1321,2037,244,319,162,1,726,271,640,371,5,1287,2013
108,Gwinnett,BERKSHIRE M,1909,1309,68.57 %,219,260,148,0,627,160,289,228,3,680,1307,215,255,141,0,611,164,294,234,3,695,1306,226,263,152,1,642,150,284,214,1,649,1291
109,Gwinnett,MARTINS G,2458,1323,53.82 %,149,137,62,0,348,274,418,281,1,974,1322,148,135,59,0,342,275,420,283,1,979,1321,152,128,67,0,347,267,423,271,1,962,1309
110,Gwinnett,DULUTH H,2862,1926,67.30 %,266,349,231,6,852,179,419,469,2,1069,1921,266,344,230,6,846,180,424,470,2,1076,1922,266,349,247,6,868,174,418,440,2,1034,1902
111,Gwinnett,BERKSHIRE N,3162,2343,74.10 %,205,647,285,1,1138,146,618,441,0,1205,2343,201,645,276,1,1123,150,620,448,0,1218,2341,204,651,300,1,1156,143,605,410,0,1158,2314
112,Gwinnett,PINCKNEYVILLE V,1757,1009,57.43 %,103,170,66,1,340,132,345,185,4,666,1006,104,169,66,1,340,131,346,183,4,664,1004,101,173,68,1,343,132,333,176,4,645,988
113,Gwinnett,PINCKNEYVILLE W,4316,2533,58.69 %,345,418,264,3,1030,360,618,519,6,1503,2533,340,415,251,3,1009,364,620,532,6,1522,2531,353,423,286,3,1065,343,605,489,4,1441,2506
114,Gwinnett,MARTINS H,5173,2921,56.47 %,288,362,253,1,904,450,899,659,2,2010,2914,283,352,251,1,887,456,909,661,2,2028,2915,282,367,264,1,914,450,884,631,2,1967,2881
115,Gwinnett,MARTINS I,4172,2125,50.93 %,202,198,139,5,544,383,703,487,4,1577,2121,200,201,137,5,543,386,698,489,3,1576,2119,205,209,156,5,575,376,686,454,3,1519,2094
116,Gwinnett,MARTINS J,4079,2078,50.94 %,143,145,54,1,343,524,734,465,11,1734,2077,136,144,55,1,336,530,735,464,11,1740,2076,146,158,63,1,368,519,718,443,11,1691,2059
117,Gwinnett,GARNERS F,1817,1250,68.79 %,209,245,116,1,571,126,320,227,0,673,1244,203,243,109,1,556,129,326,234,0,689,1245,211,253,115,1,580,121,310,221,0,652,1232
118,Gwinnett,BERKSHIRE O,2632,1860,70.67 %,310,388,233,1,932,164,409,352,2,927,1859,303,387,230,1,921,169,410,353,2,934,1855,315,396,233,1,945,154,396,341,2,893,1838
119,Gwinnett,BERKSHIRE P,1511,796,52.68 %,103,100,71,0,274,173,180,165,2,520,794,102,100,65,0,267,175,180,172,2,529,796,104,103,66,0,273,173,176,166,2,517,790
120,Gwinnett,PINCKNEYVILLE X,3498,2512,71.81 %,360,443,293,2,1098,213,568,631,2,1414,2512,353,438,284,2,1077,218,573,639,2,1432,2509,368,457,324,2,1151,199,542,586,2,1329,2480
121,Gwinnett,ROCKBRIDGE G,5884,3689,62.70 %,189,305,142,1,637,530,1562,939,17,3048,3685,184,294,138,1,617,536,1573,942,17,3068,3685,191,312,153,2,658,526,1551,912,16,3005,3663
122,Gwinnett,PINCKNEYVILLE Y,3293,1502,45.61 %,92,110,62,1,265,368,549,310,7,1234,1499,88,109,60,1,258,373,550,310,7,1240,1498,88,112,68,1,269,367,543,297,7,1214,1483
123,Gwinnett,GOODWINS G,2690,1560,57.99 %,181,164,71,0,416,315,474,349,0,1138,1554,184,164,71,0,419,314,475,349,0,1138,1557,188,171,76,0,435,304,465,337,0,1106,1541
124,Gwinnett,PINCKNEYVILLE Z,1906,1573,82.53 %,416,295,220,1,932,150,196,293,0,639,1571,404,287,211,1,903,162,204,302,0,668,1571,434,310,226,1,971,128,178,275,0,581,1552
125,Gwinnett,PINCKNEYVILLE A1,2709,2209,81.54 %,455,501,344,0,1300,140,287,476,0,903,2203,446,496,337,0,1279,149,295,479,0,923,2202,467,511,363,0,1341,124,274,434,0,832,2173
126,Gwinnett,LAWRENCEVILLE J,2292,1378,60.12 %,185,140,55,1,381,213,496,280,4,993,1374,184,136,54,1,375,214,501,283,4,1002,1377,187,146,60,1,394,207,489,271,4,971,1365
127,Gwinnett,GOODWINS H,2829,1805,63.80 %,312,307,138,0,757,243,466,336,3,1048,1805,312,306,137,0,755,239,467,336,3,1045,1800,315,315,140,0,770,233,449,314,3,999,1769
128,Gwinnett,DUNCANS B,5498,3797,69.06 %,906,1143,321,1,2371,323,631,468,2,1424,3795,895,1133,316,1,2345,333,640,475,2,1450,3795,911,1160,326,1,2398,313,607,448,2,1370,3768
129,Gwinnett,SUWANEE D,4795,3463,72.22 %,832,906,318,3,2059,277,624,499,0,1400,3459,824,900,315,3,2042,286,630,503,0,1419,3461,838,932,344,3,2117,264,592,465,0,1321,3438
130,Gwinnett,SUWANEE E,4333,3181,73.41 %,654,856,263,0,1773,247,658,494,1,1400,3173,641,845,255,0,1741,258,672,504,1,1435,3176,668,875,278,0,1821,228,634,467,1,1330,3151
131,Gwinnett,LAWRENCEVILLE K,3351,2184,65.17 %,386,396,201,2,985,218,568,410,1,1197,2182,383,396,194,2,975,220,569,416,1,1206,2181,379,410,207,2,998,220,551,396,1,1168,2166
132,Gwinnett,HARBINS B,4940,3049,61.72 %,454,973,213,1,1641,280,751,374,0,1405,3046,456,971,207,1,1635,278,752,381,0,1411,3046,469,976,205,1,1651,262,735,373,0,1370,3021
133,Gwinnett,BAYCREEK F,4689,3160,67.39 %,306,392,168,1,867,426,1230,632,3,2291,3158,302,387,161,1,851,430,1236,636,3,2305,3156,314,398,173,1,886,416,1215,604,3,2238,3124
134,Gwinnett,PUCKETTS C,3439,2116,61.53 %,407,581,190,2,1180,191,437,302,4,934,2114,407,582,189,1,1179,191,436,303,4,934,2113,417,590,198,2,1207,179,424,285,3,891,2098
135,Gwinnett,HOG MOUNTAIN C,4428,2614,59.03 %,476,592,229,2,1299,271,580,456,2,1309,2608,473,594,222,2,1291,274,580,461,2,1317,2608,481,604,233,2,1320,263,568,444,2,1277,2597
136,Gwinnett,ROCKYCREEK B,5128,3236,63.10 %,562,840,247,2,1651,301,789,491,3,1584,3235,554,833,238,2,1627,309,794,498,3,1604,3231,563,851,252,2,1668,296,773,468,3,1540,3208
137,Gwinnett,DULUTH I,5172,3449,66.69 %,489,746,455,0,1690,287,682,783,1,1753,3443,490,743,452,0,1685,285,686,785,1,1757,3442,514,758,488,0,1760,253,663,739,1,1656,3416
138,Gwinnett,MARTINS K,5482,3140,57.28 %,249,227,165,0,641,595,1177,713,8,2493,3134,252,229,163,0,644,586,1174,714,8,2482,3126,256,235,178,0,669,578,1165,688,8,2439,3108
139,Gwinnett,SUWANEE H,3859,2939,76.16 %,643,923,325,2,1893,200,466,378,2,1046,2939,637,915,308,2,1862,204,474,393,2,1073,2935,647,934,327,2,1910,188,448,358,1,995,2905
140,Gwinnett,SUGAR HILL G,2865,2017,70.40 %,441,586,185,1,1213,119,320,360,2,801,2014,440,584,184,1,1209,119,321,362,2,804,2013,445,593,194,1,1233,114,310,342,2,768,2001
141,Gwinnett,SUWANEE F,4031,2628,65.19 %,494,535,209,0,1238,259,659,463,1,1382,2620,488,523,208,1,1220,264,676,463,0,1403,2623,504,548,220,1,1273,245,643,438,0,1326,2599
142,Gwinnett,LAWRENCEVILLE L,4877,3219,66.00 %,350,542,245,0,1137,343,1046,688,2,2079,3216,335,535,238,0,1108,357,1052,689,2,2100,3208,357,566,258,0,1181,335,1014,648,2,1999,3180
143,Gwinnett,LAWRENCEVILLE M,7422,4127,55.60 %,278,309,148,2,737,639,1722,1019,7,3387,4124,277,299,155,2,733,640,1732,1011,7,3390,4123,277,317,161,2,757,635,1706,988,6,3335,4092
144,Gwinnett,BAYCREEK G,6406,4208,65.69 %,386,536,222,1,1145,455,1780,816,6,3057,4202,382,532,216,1,1131,461,1785,820,6,3072,4203,391,538,219,1,1149,449,1771,797,7,3024,4173
145,Gwinnett,BAYCREEK H,6989,4816,68.91 %,634,956,399,1,1990,415,1529,872,4,2820,4810,630,955,406,1,1992,419,1531,865,4,2819,4811,650,973,416,2,2041,396,1500,835,3,2734,4775
146,Gwinnett,BAYCREEK I,5965,3672,61.56 %,353,581,264,1,1199,415,1299,746,8,2468,3667,349,581,257,1,1188,420,1299,751,8,2478,3666,358,586,278,0,1222,406,1288,717,8,2419,3641
147,Gwinnett,BERKSHIRE Q,1825,1185,64.93 %,219,221,120,0,560,147,286,190,1,624,1184,216,221,117,0,554,150,286,193,1,630,1184,222,227,116,0,565,143,272,189,1,605,1170
148,Gwinnett,GOODWINS I,2525,1798,71.21 %,348,307,181,0,836,208,431,323,0,962,1798,344,304,172,0,820,210,433,330,0,973,1793,360,314,184,0,858,191,419,306,0,916,1774
149,Gwinnett,DULUTH K,2880,1255,43.58 %,69,110,59,3,241,291,429,287,5,1012,1253,66,111,61,3,241,295,428,283,5,1011,1252,73,115,58,4,250,284,421,276,4,985,1235
150,Gwinnett,HARBINS C,2914,2045,70.18 %,538,410,116,1,1065,208,533,237,1,979,2044,533,408,116,1,1058,213,535,237,1,986,2044,540,420,122,1,1083,204,520,229,1,954,2037
151,Gwinnett,ROCKYCREEK C,4871,3297,67.69 %,537,871,235,2,1645,300,870,480,0,1650,3295,534,867,229,2,1632,304,874,485,0,1663,3295,552,878,240,2,1672,282,858,458,0,1598,3270
152,Gwinnett,LAWRENCEVILLE N,2633,1419,53.89 %,184,218,118,0,520,247,395,255,2,899,1419,179,214,111,0,504,251,399,260,2,912,1416,189,220,114,0,523,240,389,250,2,881,1404
153,Gwinnett,PUCKETTS D,3678,2415,65.66 %,398,729,253,4,1384,188,460,379,1,1028,2412,394,726,248,4,1372,192,463,384,1,1040,2412,400,736,255,4,1395,180,447,362,1,990,2385
154,Gwinnett,SUWANEE G,3992,2677,67.06 %,453,542,174,1,1170,343,642,515,6,1506,2676,448,536,170,1,1155,347,648,519,6,1520,2675,463,549,180,1,1193,328,629,489,5,1451,2644
155,Gwinnett,BAYCREEK J,4609,2993,64.94 %,292,351,171,5,819,409,1126,630,3,2168,2987,293,350,166,5,814,410,1129,637,3,2179,2993,296,363,170,5,834,404,1111,620,3,2138,2972
0,Habersham,Habersham North,9226,6342,68.74 %,1087,3398,777,6,5268,136,531,401,0,1068,6336,1074,3378,768,6,5226,146,548,410,0,1104,6330,1086,3385,792,6,5269,121,507,359,0,987,6256
1,Habersham,Habersham South,6288,3623,57.62 %,724,1672,463,0,2859,179,351,227,0,757,3616,720,1656,458,0,2834,184,367,232,0,783,3617,718,1669,457,0,2844,175,333,225,0,733,3577
2,Habersham,Demorest,5056,3181,62.92 %,632,1691,383,0,2706,108,206,155,0,469,3175,626,1682,378,0,2686,112,211,157,0,480,3166,638,1679,389,0,2706,98,202,140,0,440,3146
3,Habersham,Town of Mt Airy,808,433,53.59 %,139,158,49,0,346,23,40,23,0,86,432,137,157,49,0,343,25,41,23,0,89,432,135,156,45,0,336,25,40,26,0,91,427
4,Habersham,City of Baldwin,1292,569,44.04 %,167,186,62,0,415,49,51,54,0,154,569,166,186,62,0,414,49,51,53,0,153,567,168,187,64,0,419,45,49,51,0,145,564
5,Habersham,Mud Creek,4506,2721,60.39 %,709,1247,365,1,2322,74,174,145,0,393,2715,707,1248,362,1,2318,75,174,148,0,397,2715,707,1253,365,1,2326,71,157,134,0,362,2688
6,Habersham,Amys Creek,1592,1194,75.00 %,326,483,146,0,955,28,95,110,0,233,1188,324,486,145,0,955,30,95,112,0,237,1192,323,486,153,0,962,30,90,102,0,222,1184
0,Hall,Wilson,5846,3890,66.54 %,613,1308,810,7,2738,228,309,597,10,1144,3882,599,1304,801,7,2711,241,311,603,11,1166,3877,610,1312,811,6,2739,227,301,550,10,1088,3827
1,Hall,Chicopee,3837,1818,47.38 %,368,396,177,22,963,252,342,250,9,853,1816,368,388,176,20,952,251,349,251,9,860,1812,373,401,173,20,967,238,332,238,8,816,1783
2,Hall,Oakwood I,2904,1346,46.35 %,359,261,138,6,764,240,196,141,4,581,1345,358,258,137,6,759,241,198,141,4,584,1343,365,267,135,8,775,224,187,137,2,550,1325
3,Hall,Oakwood II,4236,2698,63.69 %,820,856,385,9,2070,194,207,225,1,627,2697,810,850,381,9,2050,202,213,228,1,644,2694,823,855,394,9,2081,186,202,209,1,598,2679
4,Hall,Flowery Branch I,4488,2891,64.42 %,851,961,367,0,2179,173,254,282,1,710,2889,847,950,359,0,2156,176,264,289,1,730,2886,851,966,365,0,2182,168,241,272,1,682,2864
5,Hall,Flowery Branch II,3609,2113,58.55 %,667,626,186,5,1484,170,227,224,3,624,2108,659,624,182,5,1470,178,231,230,3,642,2112,668,630,182,5,1485,163,218,222,3,606,2091
6,Hall,Roberts,5786,3786,65.43 %,1006,1322,543,4,2875,205,332,370,0,907,3782,1003,1316,537,4,2860,207,339,376,0,922,3782,1013,1323,540,4,2880,195,321,358,0,874,3754
7,Hall,Morgan I,4084,2631,64.42 %,956,901,288,2,2147,149,177,156,0,482,2629,949,897,285,2,2133,156,181,158,0,495,2628,958,901,292,2,2153,139,170,147,0,456,2609
8,Hall,Morgan II,4887,2945,60.26 %,829,883,354,0,2066,254,315,304,1,874,2940,822,880,349,0,2051,258,319,309,1,887,2938,827,881,354,0,2062,241,310,287,1,839,2901
9,Hall,Candler,5932,3339,56.29 %,972,976,385,1,2334,349,349,297,6,1001,3335,975,971,386,1,2333,348,353,296,6,1003,3336,984,982,393,0,2359,330,335,278,6,949,3308
10,Hall,Tadmore,6775,2790,41.18 %,441,640,228,5,1314,467,622,379,1,1469,2783,437,647,220,5,1309,473,616,385,1,1475,2784,449,652,220,5,1326,456,601,379,1,1437,2763
11,Hall,Glade,4152,2137,51.47 %,485,875,239,4,1603,125,206,192,4,527,2130,482,870,239,4,1595,129,210,196,4,539,2134,480,872,239,5,1596,125,203,185,2,515,2111
12,Hall,Lula,3595,2069,57.55 %,690,845,213,5,1753,77,124,114,0,315,2068,691,845,210,5,1751,75,124,117,0,316,2067,694,840,210,5,1749,69,118,112,0,299,2048
13,Hall,Clermont,3546,2437,68.73 %,706,1263,230,0,2199,40,115,79,0,234,2433,698,1260,224,0,2182,48,119,86,0,253,2435,709,1265,238,0,2212,35,104,65,0,204,2416
14,Hall,Quillians,2964,2030,68.49 %,552,1041,187,17,1797,45,105,76,4,230,2027,547,1039,185,17,1788,49,108,78,4,239,2027,551,1037,194,17,1799,38,101,69,4,212,2011
15,Hall,Bark Camp,6094,3660,60.06 %,1001,1488,450,12,2951,170,262,273,3,708,3659,998,1483,438,12,2931,171,267,284,3,725,3656,1008,1484,447,13,2952,154,251,262,1,668,3620
16,Hall,Chestatee,3945,2493,63.19 %,735,934,313,11,1993,122,162,214,0,498,2491,727,922,310,11,1970,131,173,216,0,520,2490,735,928,316,10,1989,115,161,202,1,479,2468
17,Hall,Fork,3595,2437,67.79 %,758,845,328,7,1938,106,172,219,0,497,2435,763,839,323,7,1932,101,177,224,0,502,2434,755,841,331,7,1934,102,171,197,0,470,2404
18,Hall,Whelchel,4395,2827,64.32 %,620,1275,333,2,2230,117,238,241,0,596,2826,617,1265,330,1,2213,120,245,243,1,609,2822,625,1278,336,2,2241,106,228,230,0,564,2805
19,Hall,West Whelchel,3845,2988,77.71 %,661,1110,533,5,2309,116,219,340,1,676,2985,659,1103,518,5,2285,119,226,354,1,700,2985,670,1136,550,5,2361,105,186,299,1,591,2952
20,Hall,Gainesville I,4200,2514,59.86 %,483,743,360,10,1596,211,369,326,10,916,2512,476,731,357,11,1575,218,382,328,9,937,2512,497,751,372,11,1631,189,357,298,9,853,2484
21,Hall,Gainesville II,3355,1459,43.49 %,64,59,60,0,183,325,472,473,2,1272,1455,60,57,61,0,178,327,475,474,2,1278,1456,63,63,68,0,194,321,460,460,2,1243,1437
22,Hall,Gainesville III,5449,1937,35.55 %,328,368,197,4,897,354,388,290,5,1037,1934,326,366,193,4,889,355,389,295,5,1044,1933,334,368,201,4,907,342,378,283,5,1008,1915
23,Hall,Gainesville IV,2972,1559,52.46 %,255,462,171,1,889,165,276,227,0,668,1557,253,464,168,1,886,167,274,228,0,669,1555,259,472,182,1,914,157,260,205,0,622,1536
24,Hall,Gainesville V,1700,821,48.29 %,152,259,83,0,494,87,130,108,0,325,819,152,257,83,0,492,88,132,108,0,328,820,158,272,86,0,516,78,115,103,0,296,812
25,Hall,Gillsville,1241,754,60.76 %,332,254,59,0,645,29,48,31,0,108,753,332,254,58,0,644,30,48,31,0,109,753,331,250,60,0,641,28,50,29,0,107,748
26,Hall,Big Hickory,3873,2802,72.35 %,779,1369,301,5,2454,69,139,138,1,347,2801,776,1367,293,5,2441,70,140,145,1,356,2797,776,1371,305,5,2457,63,131,121,1,316,2773
27,Hall,Friendship I,8480,6309,74.40 %,1401,2348,984,4,4737,239,545,781,1,1566,6303,1394,2326,966,3,4689,246,566,801,1,1614,6303,1413,2363,983,4,4763,219,508,727,1,1455,6218
28,Hall,Friendship II,3422,2175,63.56 %,709,725,196,3,1633,146,232,162,1,541,2174,693,719,190,3,1605,159,238,168,1,566,2171,707,731,190,2,1630,140,221,158,1,520,2150
29,Hall,Friendship III,4650,2835,60.97 %,806,991,229,8,2034,215,323,261,1,800,2834,802,990,227,8,2027,219,324,263,1,807,2834,810,997,225,8,2040,205,314,254,1,774,2814
30,Hall,Friendship IV,3403,2641,77.61 %,717,950,210,11,1888,146,372,225,7,750,2638,708,941,202,10,1861,156,382,231,8,777,2638,721,972,215,10,1918,136,343,215,6,700,2618
0,Hancock,Devereux Fire Station,866,722,83.37 %,104,206,69,0,379,75,120,146,1,342,721,104,205,69,0,378,76,121,145,1,343,721,102,201,69,0,372,72,115,139,1,327,699
1,Hancock,St Mark,651,346,53.15 %,9,39,7,0,55,92,118,75,1,286,341,8,39,7,0,54,93,118,77,1,289,343,12,41,8,0,61,88,114,73,1,276,337
2,Hancock,Courthouse,999,581,58.16 %,30,88,14,0,132,96,199,153,0,448,580,31,87,14,0,132,95,200,152,0,447,579,34,84,14,0,132,88,187,148,0,423,555
3,Hancock,Second Beulah,487,339,69.61 %,10,19,9,0,38,51,123,126,1,301,339,10,20,9,0,39,51,122,126,1,300,339,10,20,10,0,40,50,119,122,1,292,332
4,Hancock,Mayfield Community Center,372,202,54.30 %,11,13,5,0,29,47,47,77,1,172,201,11,13,5,0,29,47,46,77,1,171,200,11,13,4,0,28,46,47,77,1,171,199
5,Hancock,Power of God,770,442,57.40 %,21,50,14,0,85,99,140,115,1,355,440,20,50,14,0,84,101,140,115,1,357,441,20,49,17,0,86,97,135,111,1,344,430
6,Hancock,Warren Chapel,249,205,82.33 %,28,70,24,0,122,6,33,44,0,83,205,28,70,23,0,121,6,33,45,0,84,205,30,70,26,0,126,4,31,38,0,73,199
7,Hancock,Youth Center,977,629,64.38 %,36,52,23,0,111,104,207,204,1,516,627,36,51,23,0,110,103,209,204,1,517,627,39,47,24,0,110,97,191,199,1,488,598
8,Hancock,Second Darrien,405,276,68.15 %,44,23,17,0,84,54,49,88,0,191,275,45,23,17,0,85,54,49,88,0,191,276,45,24,18,0,87,54,46,87,0,187,274
9,Hancock,Sparta 4C,173,107,61.85 %,16,4,6,0,26,14,17,50,0,81,107,16,4,6,0,26,14,17,50,0,81,107,14,4,5,0,23,13,17,48,0,78,101
0,Haralson,Bremen,6737,3805,56.48 %,1281,1431,433,0,3145,142,243,270,0,655,3800,1277,1431,427,0,3135,145,245,274,0,664,3799,1281,1434,432,0,3147,136,232,263,0,631,3778
1,Haralson,Buchanan,2425,1434,59.13 %,500,601,159,0,1260,42,63,67,0,172,1432,500,599,159,0,1258,42,64,67,0,173,1431,496,587,150,0,1233,39,68,69,0,176,1409
2,Haralson,Buncombe,1101,606,55.04 %,304,172,65,3,544,24,20,18,0,62,606,305,170,65,3,543,23,22,18,0,63,606,292,172,67,3,534,29,18,15,0,62,596
3,Haralson,Corinth,1720,985,57.27 %,445,343,120,0,908,25,33,19,0,77,985,443,344,120,0,907,27,32,19,0,78,985,441,338,120,0,899,25,36,19,0,80,979
4,Haralson,Twentieth,746,486,65.15 %,247,142,53,0,442,13,8,22,0,43,485,249,141,52,0,442,11,10,22,0,43,485,246,138,51,0,435,12,12,23,0,47,482
5,Haralson,Felton,316,195,61.71 %,125,50,10,0,185,2,1,7,0,10,195,124,50,10,0,184,3,1,7,0,11,195,122,49,9,0,180,4,1,7,0,12,192
6,Haralson,Little Creek,706,471,66.71 %,290,103,48,0,441,6,6,18,0,30,471,286,104,49,0,439,9,5,17,0,31,470,283,100,45,0,428,12,7,19,0,38,466
7,Haralson,Mt View,335,217,64.78 %,129,57,15,0,201,11,4,1,0,16,217,128,57,15,0,200,12,4,1,0,17,217,128,56,15,0,199,11,5,1,0,17,216
8,Haralson,Seventh,1971,1142,57.94 %,457,420,103,0,980,41,59,61,0,161,1141,455,422,103,0,980,43,57,62,0,162,1142,455,418,101,0,974,40,58,64,0,162,1136
9,Haralson,Berea-Steadman,678,408,60.18 %,238,98,35,0,371,10,16,10,0,36,407,238,98,35,0,371,10,16,10,0,36,407,232,100,36,0,368,11,13,9,0,33,401
10,Haralson,Tallapoosa,3126,1735,55.50 %,668,545,235,0,1448,87,85,112,0,284,1732,670,546,233,0,1449,83,85,113,0,281,1730,650,531,233,0,1414,91,85,109,0,285,1699
11,Haralson,Waco,1201,694,57.79 %,388,171,69,0,628,23,14,27,0,64,692,385,171,69,0,625,26,14,27,0,67,692,378,163,70,0,611,27,22,27,0,76,687
0,Harris,Cataula,2978,2098,70.45 %,718,646,219,0,1583,110,205,193,0,508,2091,712,644,219,0,1575,116,206,196,0,518,2093,728,650,220,0,1598,92,187,179,0,458,2056
1,Harris,Ellerslie,4318,3146,72.86 %,1059,861,297,0,2217,169,367,390,0,926,3143,1056,863,297,0,2216,170,365,391,0,926,3142,1066,872,315,0,2253,156,352,367,0,875,3128
2,Harris,Goodman,1714,1118,65.23 %,297,295,99,0,691,170,115,138,0,423,1114,292,294,98,0,684,176,117,139,0,432,1116,302,293,104,0,699,163,115,131,0,409,1108
3,Harris,Hamilton,2840,1854,65.28 %,473,579,140,0,1192,149,264,247,0,660,1852,471,577,141,0,1189,150,267,246,0,663,1852,470,583,138,0,1191,148,254,241,0,643,1834
4,Harris,Lower 19th,2642,1865,70.59 %,752,511,183,0,1446,100,152,161,0,413,1859,753,514,182,0,1449,101,150,164,0,415,1864,756,518,185,0,1459,86,143,150,0,379,1838
5,Harris,Mulberry Grove,2960,2097,70.84 %,705,744,257,2,1708,72,163,153,0,388,2096,705,744,254,2,1705,72,163,153,0,388,2093,703,747,258,2,1710,68,156,140,0,364,2074
6,Harris,Pine Mountain Valley,1152,766,66.49 %,422,160,62,0,644,44,33,43,0,120,764,422,160,61,0,643,44,33,45,0,122,765,426,160,63,0,649,39,30,41,0,110,759
7,Harris,Skinner,918,643,70.04 %,275,68,58,1,402,115,38,85,1,239,641,271,67,59,1,398,120,39,84,1,244,642,279,68,57,1,405,103,36,84,1,224,629
8,Harris,Upper 19th,1659,1212,73.06 %,507,393,117,1,1018,81,48,64,0,193,1211,507,394,115,1,1017,81,48,66,0,195,1212,511,390,119,1,1021,73,46,58,0,177,1198
9,Harris,Valley Plains,806,547,67.87 %,258,69,51,1,379,77,34,56,0,167,546,257,69,51,1,378,78,34,57,0,169,547,261,69,53,1,384,73,33,53,0,159,543
10,Harris,Waverly Hall,2924,1886,64.50 %,605,479,162,0,1246,174,199,265,0,638,1884,608,475,157,0,1240,171,202,271,0,644,1884,613,483,165,0,1261,163,191,254,0,608,1869
11,Harris,Whitesville,1417,1082,76.36 %,411,260,100,0,771,90,64,157,0,311,1082,406,259,99,0,764,95,65,158,0,318,1082,409,261,105,0,775,86,56,149,0,291,1066
0,Hart,Hartwell,6648,4221,63.49 %,788,1629,425,3,2845,247,570,543,1,1361,4206,786,1628,434,3,2851,248,573,534,1,1356,4207,787,1617,437,3,2844,236,556,525,1,1318,4162
1,Hart,Goldmine,1945,1212,62.31 %,475,376,130,0,981,76,81,73,0,230,1211,478,374,132,0,984,73,82,71,0,226,1210,475,375,129,0,979,73,79,73,0,225,1204
2,Hart,Cokesbury,1183,744,62.89 %,203,169,62,0,434,83,132,89,0,304,738,203,168,61,0,432,83,132,92,0,307,739,207,170,60,0,437,77,129,87,0,293,730
3,Hart,Reed Creek,3055,2147,70.28 %,623,890,244,0,1757,87,147,155,0,389,2146,622,894,250,0,1766,87,141,148,0,376,2142,632,894,254,0,1780,72,134,137,0,343,2123
4,Hart,Bowersville,1420,865,60.92 %,402,255,46,0,703,61,66,34,0,161,864,402,254,50,0,706,61,67,30,0,158,864,399,255,47,0,701,60,63,28,0,151,852
5,Hart,Shoal Creek,1713,1111,64.86 %,449,365,112,0,926,52,57,75,0,184,1110,451,362,114,0,927,51,60,73,0,184,1111,450,360,119,0,929,49,56,61,0,166,1095
6,Hart,Bio,1398,931,66.60 %,324,295,71,0,690,49,103,88,0,240,930,323,295,70,0,688,49,103,88,0,240,928,315,293,70,0,678,51,100,86,0,237,915
0,Heard,Centralhatchee,1798,1184,65.85 %,460,420,129,0,1009,44,67,62,0,173,1182,459,420,128,0,1007,46,67,63,0,176,1183,459,416,135,0,1010,41,69,54,0,164,1174
1,Heard,Cooksville-Corinth,722,372,51.52 %,165,127,34,2,328,23,17,4,0,44,372,163,127,34,2,326,25,17,4,0,46,372,164,127,33,2,326,22,16,4,0,42,368
2,Heard,Enon Grove,1169,619,52.95 %,279,207,57,1,544,14,32,28,0,74,618,277,208,56,1,542,17,31,29,0,77,619,274,209,56,1,540,13,29,28,0,70,610
3,Heard,Ephesus,1346,840,62.41 %,455,211,98,0,764,22,29,24,0,75,839,452,212,96,0,760,24,29,26,0,79,839,452,212,94,0,758,19,25,28,0,72,830
4,Heard,Franklin,2223,1269,57.09 %,336,462,149,0,947,74,129,117,1,321,1268,333,462,146,0,941,77,130,120,1,328,1269,334,461,150,0,945,76,121,114,1,312,1257
5,Heard,Southwest,643,396,61.59 %,166,103,34,0,303,20,36,37,0,93,396,165,102,34,0,301,21,37,37,0,95,396,167,102,33,0,302,16,33,37,0,86,388
0,Henry,Locust Grove,7113,4300,60.45 %,346,748,148,0,1242,501,1820,730,2,3053,4295,338,741,147,0,1226,510,1828,733,2,3073,4299,347,765,157,0,1269,500,1786,712,2,3000,4269
1,Henry,Tussahaw,3461,2156,62.29 %,786,803,165,0,1754,105,185,108,1,399,2153,788,797,162,0,1747,103,191,109,1,404,2151,793,808,168,0,1769,99,177,103,1,380,2149
2,Henry,Sandy Ridge,4938,3088,62.54 %,983,1093,165,3,2244,190,432,222,0,844,3088,976,1088,166,3,2233,196,437,221,0,854,3087,993,1095,175,3,2266,173,425,208,0,806,3072
3,Henry,Westside,7053,3154,44.72 %,103,219,73,2,397,674,1340,723,10,2747,3144,98,218,67,2,385,679,1341,732,10,2762,3147,105,228,74,2,409,664,1310,715,10,2699,3108
4,Henry,Lowes,10058,5993,59.58 %,488,990,202,6,1686,832,2383,1076,10,4301,5987,480,983,195,5,1663,841,2390,1079,11,4321,5984,486,1012,211,5,1714,832,2349,1052,11,4244,5958
5,Henry,South Hampton,5523,3394,61.45 %,416,887,131,0,1434,378,1134,442,3,1957,3391,409,882,132,0,1423,384,1140,441,3,1968,3391,416,885,145,0,1446,376,1121,423,3,1923,3369
6,Henry,North Hampton,7226,4289,59.36 %,367,988,184,2,1541,485,1602,647,10,2744,4285,364,984,189,2,1539,486,1606,642,10,2744,4283,383,992,189,2,1566,463,1580,628,9,2680,4246
7,Henry,Mt Carmel,5404,3692,68.32 %,197,355,112,1,665,467,1870,685,3,3025,3690,194,356,107,0,657,470,1869,691,4,3034,3691,192,371,117,1,681,470,1846,670,3,2989,3670
8,Henry,Red Oak,5689,3728,65.53 %,118,262,103,0,483,577,2052,609,3,3241,3724,110,257,107,0,474,586,2057,606,3,3252,3726,116,271,110,0,497,575,2036,591,3,3205,3702
9,Henry,Wesley Lakes,6199,3745,60.41 %,168,412,133,1,714,579,1797,641,7,3024,3738,167,410,132,1,710,579,1801,643,7,3030,3740,166,424,136,1,727,580,1778,632,7,2997,3724
10,Henry,McDonough,2897,1795,61.96 %,130,222,80,3,435,258,750,349,2,1359,1794,130,222,76,3,431,258,751,352,2,1363,1794,136,229,78,3,446,252,740,343,2,1337,1783
11,Henry,McMullen,3763,2571,68.32 %,738,789,139,1,1667,190,469,242,0,901,2568,737,781,140,1,1659,192,477,240,0,909,2568,747,798,146,1,1692,179,454,225,0,858,2550
12,Henry,East Lake,3435,2451,71.35 %,505,933,190,2,1630,165,419,229,1,814,2444,508,933,194,2,1637,162,419,229,1,811,2448,517,949,196,2,1664,147,399,215,1,762,2426
13,Henry,Hickory Flat,5197,3467,66.71 %,280,592,156,3,1031,447,1464,517,6,2434,3465,275,581,150,3,1009,451,1474,521,6,2452,3461,283,608,156,4,1051,442,1441,508,3,2394,3445
14,Henry,Stockbridge East-West,6618,3856,58.27 %,130,257,99,3,489,636,1898,807,21,3362,3851,132,255,96,2,485,633,1902,810,22,3367,3852,134,272,106,1,513,627,1871,789,20,3307,3820
15,Henry,Stagecoach,3621,2069,57.14 %,208,445,109,1,763,278,761,258,4,1301,2064,207,444,108,1,760,278,765,259,4,1306,2066,206,451,107,1,765,278,756,257,3,1294,2059
16,Henry,Cotton Indian,4804,2962,61.66 %,282,661,170,6,1119,334,1194,299,16,1843,2962,281,659,166,6,1112,335,1195,303,16,1849,2961,282,670,170,4,1126,332,1175,294,16,1817,2943
17,Henry,Pleasant Grove,4194,2953,70.41 %,381,848,210,0,1439,200,963,345,3,1511,2950,374,843,205,0,1422,206,969,351,3,1529,2951,387,854,210,0,1451,193,950,341,3,1487,2938
18,Henry,Austin Road,3397,2360,69.47 %,139,418,125,0,682,203,1156,314,3,1676,2358,139,418,122,0,679,204,1157,317,3,1681,2360,141,421,128,0,690,199,1144,303,3,1649,2339
19,Henry,Swan Lake,3653,2276,62.30 %,344,657,140,1,1142,199,659,270,3,1131,2273,343,650,138,1,1132,200,662,273,3,1138,2270,344,663,139,1,1147,196,646,270,2,1114,2261
20,Henry,Shakerag,4061,2741,67.50 %,85,153,37,0,275,383,1556,523,1,2463,2738,81,146,37,0,264,387,1563,526,1,2477,2741,87,156,44,0,287,378,1543,517,1,2439,2726
21,Henry,Ellenwood,4293,3032,70.63 %,73,272,83,1,429,330,1706,563,2,2601,3030,66,267,80,1,414,338,1711,566,2,2617,3031,71,286,86,0,443,333,1680,557,3,2573,3016
22,Henry,Unity Grove,4917,3244,65.98 %,703,1279,198,8,2188,171,581,292,3,1047,3235,697,1279,194,8,2178,178,585,299,3,1065,3243,696,1281,200,8,2185,171,568,287,3,1029,3214
23,Henry,Shiloh,4114,2273,55.25 %,174,330,78,0,582,435,889,355,6,1685,2267,175,331,74,0,580,435,890,360,6,1691,2271,176,339,81,0,596,431,875,346,5,1657,2253
24,Henry,Pates Creek,5261,3379,64.23 %,342,653,273,2,1270,369,1165,565,2,2101,3371,337,650,268,2,1257,373,1165,570,2,2110,3367,335,665,281,2,1283,376,1145,544,2,2067,3350
25,Henry,Oakland,4563,2984,65.40 %,371,701,196,1,1269,334,919,456,3,1712,2981,365,698,191,1,1255,340,921,462,3,1726,2981,370,707,196,2,1275,332,907,444,2,1685,2960
26,Henry,Lake Dow,5141,3511,68.29 %,658,1051,301,0,2010,288,810,395,3,1496,3506,657,1045,296,0,1998,289,816,403,3,1511,3509,670,1068,310,0,2048,272,776,383,3,1434,3482
27,Henry,Flippen,4468,3138,70.23 %,196,456,181,0,833,340,1370,587,5,2302,3135,193,450,173,0,816,342,1376,595,5,2318,3134,194,464,179,1,838,338,1350,573,4,2265,3103
28,Henry,Stockbridge Central,4496,2340,52.05 %,135,310,100,2,547,385,1041,360,5,1791,2338,135,310,95,2,542,383,1041,365,5,1794,2336,126,319,106,2,553,390,1027,349,5,1771,2324
29,Henry,Kelleytown,3460,2585,74.71 %,596,767,134,4,1501,216,616,251,1,1084,2585,594,761,132,3,1490,218,621,252,2,1093,2583,599,774,145,3,1521,207,600,231,1,1039,2560
30,Henry,Lighthouse,3727,2438,65.41 %,181,459,140,0,780,274,1034,342,3,1653,2433,185,457,139,0,781,270,1036,345,3,1654,2435,193,459,138,0,790,261,1028,338,3,1630,2420
31,Henry,Dutchtown,2768,1842,66.55 %,232,465,157,1,855,206,478,300,0,984,1839,230,462,157,1,850,208,482,301,0,991,1841,235,468,161,1,865,200,471,288,0,959,1824
32,Henry,Mt Bethel,3582,2298,64.15 %,888,558,99,1,1546,226,333,185,3,747,2293,881,562,98,1,1542,233,330,187,3,753,2295,901,569,97,2,1569,209,319,185,1,714,2283
33,Henry,Grove Park,4158,2364,56.85 %,405,687,104,0,1196,253,653,255,3,1164,2360,402,686,103,0,1191,255,654,256,3,1168,2359,406,690,105,0,1201,250,640,250,3,1143,2344
34,Henry,Lake Haven,4298,2772,64.50 %,466,749,182,8,1405,273,807,284,1,1365,2770,465,741,182,8,1396,274,813,282,1,1370,2766,472,755,190,8,1425,262,790,266,1,1319,2744
35,Henry,McDonough Central,4316,2737,63.42 %,215,574,247,1,1037,286,1010,395,5,1696,2733,215,575,237,1,1028,286,1012,404,5,1707,2735,221,586,256,2,1065,277,987,372,4,1640,2705
36,Henry,Timberridge,2152,1544,71.75 %,404,369,91,1,865,131,378,165,3,677,1542,399,368,91,1,859,138,378,165,3,684,1543,404,369,92,1,866,131,375,162,3,671,1537
0,Houston,ANNX,4607,3108,67.46 %,534,982,457,2,1975,195,396,536,1,1128,3103,530,983,456,2,1971,200,395,538,1,1134,3105,539,983,461,1,1984,188,386,506,1,1081,3065
1,Houston,BMS,9799,6813,69.53 %,1408,2066,831,10,4315,394,1003,1094,3,2494,6809,1403,2058,821,9,4291,398,1011,1104,4,2517,6808,1419,2075,834,10,4338,373,979,1064,3,2419,6757
2,Houston,CENT,8014,4883,60.93 %,1044,1105,545,0,2694,480,818,886,0,2184,4878,1036,1099,548,0,2683,489,825,883,0,2197,4880,1055,1105,544,0,2704,461,798,849,0,2108,4812
3,Houston,CGTC,4993,3353,67.15 %,573,1156,320,0,2049,223,569,510,0,1302,3351,572,1154,317,0,2043,224,571,513,0,1308,3351,570,1148,327,0,2045,219,560,489,0,1268,3313
4,Houston,FMMS,8962,5750,64.16 %,1177,1354,437,0,2968,565,1241,971,1,2778,5746,1170,1347,432,0,2949,574,1247,976,1,2798,5747,1193,1363,440,0,2996,543,1209,942,1,2695,5691
5,Houston,HAFS,1852,1300,70.19 %,625,298,96,1,1020,85,82,108,0,275,1295,625,298,97,1,1021,90,82,107,0,279,1300,621,296,94,1,1012,86,82,106,0,274,1286
6,Houston,HCTC,6527,3363,51.52 %,506,674,384,1,1565,412,676,702,3,1793,3358,509,675,384,1,1569,411,675,704,3,1793,3362,521,677,382,1,1581,395,663,688,3,1749,3330
7,Houston,HEFS,1402,973,69.40 %,365,208,72,1,646,135,70,119,0,324,970,364,207,72,1,644,138,71,120,0,329,973,363,207,75,1,646,134,71,116,0,321,967
8,Houston,HHPC,9886,5249,53.10 %,688,1120,603,2,2413,602,1124,1099,2,2827,5240,693,1111,601,2,2407,598,1133,1103,2,2836,5243,683,1118,603,2,2406,595,1101,1075,2,2773,5179
9,Houston,MCMS,9387,6307,67.19 %,1329,1857,593,4,3783,453,1122,944,0,2519,6302,1317,1860,593,4,3774,465,1117,942,0,2524,6298,1349,1867,604,4,3824,424,1094,904,0,2422,6246
10,Houston,NSES,2505,1655,66.07 %,403,418,187,2,1010,125,241,278,0,644,1654,402,418,186,2,1008,125,241,278,0,644,1652,400,419,191,2,1012,123,235,264,0,622,1634
11,Houston,RECR,9560,4325,45.24 %,290,335,219,1,845,856,1273,1327,7,3463,4308,286,333,218,1,838,861,1276,1334,7,3478,4316,296,334,219,1,850,848,1246,1316,7,3417,4267
12,Houston,ROZR,14167,8914,62.92 %,1683,2988,992,3,5666,696,1272,1267,4,3239,8905,1685,2968,988,3,5644,693,1290,1263,4,3250,8894,1696,2983,995,3,5677,669,1244,1214,4,3131,8808
13,Houston,TMS,5445,3157,57.98 %,445,505,299,2,1251,430,774,693,3,1900,3151,437,505,294,2,1238,438,775,701,3,1917,3155,441,505,299,2,1247,427,762,682,3,1874,3121
14,Houston,TWPK,4498,2924,65.01 %,624,719,312,1,1656,275,518,474,1,1268,2924,627,717,307,1,1652,271,519,478,1,1269,2921,634,719,305,1,1659,260,511,459,1,1231,2890
15,Houston,VHS,6495,4394,67.65 %,1169,1352,399,3,2923,311,657,501,1,1470,4393,1165,1351,393,3,2912,313,657,505,1,1476,4388,1167,1367,399,3,2936,303,627,484,1,1415,4351
0,Irwin,Irwinville,1815,1087,59.89 %,383,516,106,0,1005,21,37,20,0,78,1083,386,515,106,0,1007,20,39,20,0,79,1086,384,514,103,0,1001,21,35,18,0,74,1075
1,Irwin,Ocilla,3677,2057,55.94 %,403,823,114,0,1340,196,384,133,0,713,2053,399,820,114,0,1333,198,387,133,0,718,2051,405,822,113,0,1340,189,374,129,0,692,2032
2,Irwin,Holt,677,481,71.05 %,145,204,45,0,394,36,26,24,0,86,480,144,204,44,0,392,36,27,25,0,88,480,143,201,42,0,386,33,25,25,0,83,469
0,Jackson,Central Jackson,16582,10159,61.27 %,2443,4664,887,2,7996,424,1033,687,1,2145,10141,2427,4640,875,2,7944,442,1054,705,1,2202,10146,2456,4667,890,2,8015,395,984,661,1,2041,10056
1,Jackson,North Jackson,12916,7496,58.04 %,2147,2935,936,2,6020,427,491,546,0,1464,7484,2145,2929,924,2,6000,430,495,559,0,1484,7484,2180,2918,972,2,6072,379,471,499,0,1349,7421
2,Jackson,West Jackson,15187,10163,66.92 %,2940,4177,1019,3,8139,497,768,744,2,2011,10150,2924,4154,1007,3,8088,515,785,757,2,2059,10147,2964,4190,1042,2,8198,452,720,695,2,1869,10067
3,Jackson,South Jackson,8174,4809,58.83 %,1227,1881,530,0,3638,256,436,473,0,1165,4803,1222,1873,531,0,3626,265,444,471,0,1180,4806,1242,1879,561,0,3682,235,423,426,0,1084,4766
0,Jasper,Wyatt,1978,1202,60.77 %,476,380,86,0,942,77,67,115,0,259,1201,474,378,86,0,938,80,68,114,0,262,1200,480,376,91,0,947,73,61,109,0,243,1190
1,Jasper,Monticello,4590,3085,67.21 %,454,1210,283,10,1957,220,499,394,3,1116,3073,453,1203,281,10,1947,222,504,401,3,1130,3077,452,1220,285,10,1967,219,474,378,3,1074,3041
2,Jasper,Martin-Burney,4014,2529,63.00 %,980,1022,245,0,2247,58,111,109,1,279,2526,976,1018,240,1,2235,62,116,113,0,291,2526,974,1027,247,1,2249,58,101,101,0,260,2509
0,Jeff Davis,Hazlehurst,1450,728,50.21 %,118,178,42,0,338,101,198,86,0,385,723,116,177,41,0,334,104,199,87,0,390,724,117,180,37,0,334,95,187,90,0,372,706
1,Jeff Davis,Altamaha 1,708,450,63.56 %,132,223,30,0,385,15,38,12,0,65,450,134,224,31,0,389,13,36,11,0,60,449,131,218,31,0,380,13,35,10,0,58,438
2,Jeff Davis,Altamaha 2,1261,851,67.49 %,408,353,51,1,813,16,8,14,0,38,851,409,351,51,1,812,15,7,14,0,36,848,403,345,53,1,802,13,9,9,0,31,833
3,Jeff Davis,Blackburn 1,895,409,45.70 %,138,146,33,0,317,26,37,29,0,92,409,137,146,34,0,317,26,37,28,0,91,408,134,143,32,0,309,26,34,28,0,88,397
4,Jeff Davis,Blackburn 2,734,479,65.26 %,233,173,41,0,447,11,10,10,0,31,478,232,174,41,0,447,11,9,10,0,30,477,232,171,40,0,443,9,10,10,0,29,472
5,Jeff Davis,Whitehead 1,1002,560,55.89 %,141,245,49,0,435,32,66,25,0,123,558,141,246,49,0,436,32,65,25,0,122,558,139,239,50,0,428,30,65,23,0,118,546
6,Jeff Davis,Whitehead 2,661,436,65.96 %,221,145,46,0,412,8,8,7,0,23,435,221,145,46,0,412,8,8,7,0,23,435,222,145,41,0,408,6,8,8,0,22,430
7,Jeff Davis,Ocmulgee 1,1444,872,60.39 %,265,396,83,0,744,42,54,32,0,128,872,265,397,88,0,750,42,53,27,0,122,872,267,390,79,0,736,40,54,28,0,122,858
8,Jeff Davis,Ocmulgee 2,510,311,60.98 %,135,95,18,0,248,11,26,25,0,62,310,133,95,18,0,246,12,26,25,0,63,309,132,94,18,0,244,11,20,23,0,54,298
0,Jefferson,Stapleton Crossroads,448,288,64.29 %,83,76,16,0,175,32,33,46,1,112,287,84,76,17,0,177,32,33,45,1,111,288,82,76,17,0,175,32,31,44,1,108,283
1,Jefferson,Matthews,632,418,66.14 %,211,48,32,0,291,47,48,32,0,127,418,211,48,33,0,292,47,48,31,0,126,418,213,48,30,0,291,43,46,32,0,121,412
2,Jefferson,Wrens,2916,1735,59.50 %,360,325,81,1,767,347,328,287,0,962,1729,356,326,78,1,761,351,328,287,0,966,1727,364,317,82,1,764,332,317,278,0,927,1691
3,Jefferson,Louisville,3960,2389,60.33 %,250,616,109,0,975,326,701,380,1,1408,2383,249,608,105,0,962,327,708,384,1,1420,2382,248,615,110,0,973,318,659,365,1,1343,2316
4,Jefferson,Wadley,1931,1119,57.95 %,112,189,31,1,333,251,259,272,1,783,1116,111,189,31,1,332,253,258,272,1,784,1116,112,186,30,0,328,241,245,259,1,746,1074
5,Jefferson,Bartow,543,330,60.77 %,80,70,20,0,170,58,67,34,0,159,329,81,70,20,0,171,57,68,34,0,159,330,81,69,20,0,170,56,55,34,0,145,315
6,Jefferson,Stapleton,699,406,58.08 %,174,59,19,1,253,75,43,35,0,153,406,174,58,19,1,252,75,44,35,0,154,406,172,58,18,1,249,69,42,35,0,146,395
7,Jefferson,Avera,389,259,66.58 %,169,25,16,0,210,18,9,21,0,48,258,171,25,16,0,212,17,9,21,0,47,259,168,26,16,0,210,17,8,20,0,45,255
0,Jenkins,Primary School,974,575,59.03 %,73,115,32,6,226,85,158,102,2,347,573,75,115,33,6,229,84,158,101,2,345,574,76,112,29,6,223,81,150,95,2,328,551
1,Jenkins,Court House,1039,603,58.04 %,72,143,45,0,260,94,138,107,0,339,599,73,144,43,0,260,93,138,109,0,340,600,73,145,44,0,262,94,129,103,0,326,588
2,Jenkins,Perkins,1021,647,63.37 %,168,262,60,0,490,28,72,52,1,153,643,168,262,59,1,490,28,72,52,1,153,643,168,262,59,0,489,28,69,50,2,149,638
3,Jenkins,Senior Citizens Center,974,661,67.86 %,187,296,74,0,557,25,51,28,0,104,661,187,295,73,0,555,25,51,29,0,105,660,187,302,70,0,559,23,41,27,0,91,650
4,Jenkins,Four Points,1058,642,60.68 %,194,188,26,2,410,75,86,69,0,230,640,195,188,26,2,411,74,83,69,0,226,637,192,185,26,2,405,73,80,65,0,218,623
0,Johnson,Wrightsville,3113,1904,61.16 %,258,721,118,0,1097,176,400,225,0,801,1898,260,722,115,0,1097,174,398,230,0,802,1899,258,721,119,0,1098,170,386,216,0,772,1870
1,Johnson,Smith,796,526,66.08 %,250,170,46,0,466,29,16,14,0,59,525,250,171,46,0,467,29,16,14,0,59,526,246,169,41,0,456,31,16,14,0,61,517
2,Johnson,Bray,790,559,70.76 %,169,211,41,0,421,35,59,42,0,136,557,169,210,40,0,419,35,61,43,0,139,558,169,207,40,0,416,33,60,42,0,135,551
3,Johnson,Kite,912,594,65.13 %,270,230,45,0,545,19,14,15,0,48,593,271,230,45,0,546,19,14,14,0,47,593,269,231,44,0,544,20,12,13,0,45,589
0,Jones,Gray,0,1860,0.00 %,469,749,164,0,1382,75,239,159,1,474,1856,469,751,165,0,1385,77,238,158,1,474,1859,477,756,172,0,1405,66,219,146,1,432,1837
1,Jones,Hawkins,0,2043,0.00 %,319,347,87,0,753,254,527,504,0,1285,2038,317,345,89,0,751,257,530,501,0,1288,2039,326,347,90,0,763,243,516,494,0,1253,2016
2,Jones,Ethridge,0,1118,0.00 %,287,324,94,0,705,93,173,144,0,410,1115,286,322,99,0,707,94,175,138,0,407,1114,285,326,97,0,708,89,166,133,0,388,1096
3,Jones,Clinton,0,1609,0.00 %,428,609,138,4,1179,74,197,154,0,425,1604,427,608,142,4,1181,75,199,152,0,426,1607,431,608,142,4,1185,68,192,149,0,409,1594
4,Jones,Roberts,0,1547,0.00 %,506,346,129,0,981,169,214,180,0,563,1544,509,346,127,0,982,166,214,182,0,562,1544,505,344,129,0,978,168,211,174,0,553,1531
5,Jones,Davidson,0,1021,0.00 %,468,301,73,0,842,47,71,60,0,178,1020,467,303,71,0,841,49,69,61,0,179,1020,467,305,74,0,846,42,63,54,0,159,1005
6,Jones,Pope,0,1245,0.00 %,418,329,83,0,830,123,150,139,0,412,1242,416,327,82,0,825,125,152,139,0,416,1241,421,330,86,0,837,118,140,133,0,391,1228
7,Jones,Barron,0,930,0.00 %,381,223,69,0,673,67,92,97,0,256,929,377,221,69,0,667,71,94,97,0,262,929,377,224,68,0,669,69,87,92,0,248,917
8,Jones,Sanders,0,129,0.00 %,89,15,3,0,107,14,3,5,0,22,129,88,15,3,0,106,15,3,5,0,23,129,90,16,4,0,110,12,2,4,0,18,128
9,Jones,Finney,0,1856,0.00 %,749,468,146,0,1363,126,177,189,0,492,1855,745,468,145,0,1358,131,176,190,0,497,1855,759,469,150,0,1378,108,171,167,0,446,1824
0,Lamar,Barnesville,2571,1288,50.10 %,135,172,61,1,369,223,368,322,0,913,1282,136,170,59,1,366,224,372,325,0,921,1287,138,173,61,1,373,219,361,317,0,897,1270
1,Lamar,Chappell Mill V FD,1615,1051,65.08 %,455,342,65,2,864,43,58,86,0,187,1051,454,339,64,2,859,44,61,87,0,192,1051,459,344,67,2,872,38,53,80,0,171,1043
2,Lamar,Senior Citizen Bldg,1358,823,60.60 %,205,241,59,1,506,92,136,89,0,317,823,203,237,56,1,497,94,139,91,0,324,821,199,242,57,1,499,92,133,88,0,313,812
3,Lamar,Redbone,632,444,70.25 %,230,108,26,1,365,26,24,28,0,78,443,229,108,26,1,364,28,24,28,0,80,444,230,109,28,1,368,23,23,26,0,72,440
4,Lamar,L C S C,2842,1785,62.81 %,536,664,168,5,1373,114,154,142,0,410,1783,535,662,163,5,1365,115,157,147,0,419,1784,536,668,166,5,1375,110,138,138,0,386,1761
5,Lamar,Milner,4018,2604,64.81 %,988,891,227,5,2111,140,194,155,1,490,2601,989,887,226,5,2107,138,198,155,1,492,2599,988,885,225,5,2103,133,190,150,1,474,2577
0,Lanier,Lakeland,5660,3041,53.73 %,730,1203,194,0,2127,235,398,272,0,905,3032,731,1203,192,0,2126,236,399,275,0,910,3036,720,1190,202,0,2112,229,390,262,0,881,2993
0,Laurens,FBC-FLC,4396,2757,62.72 %,474,836,374,0,1684,249,465,354,2,1070,2754,474,835,374,0,1683,249,467,351,2,1069,2752,482,849,387,0,1718,240,438,331,2,1011,2729
1,Laurens,Calhoun Park,6416,2861,44.59 %,211,323,130,1,665,602,827,757,1,2187,2852,203,320,128,1,652,611,830,760,1,2202,2854,215,332,139,1,687,590,795,735,1,2121,2808
2,Laurens,Fire Dept Sta 5,3796,2621,69.05 %,723,915,278,0,1916,145,350,209,0,704,2620,722,914,277,0,1913,146,351,209,0,706,2619,715,916,279,0,1910,147,337,204,0,688,2598
3,Laurens,Buckeye,1072,658,61.38 %,214,87,46,0,347,87,105,117,1,310,657,214,86,43,0,343,86,105,119,1,311,654,218,87,44,0,349,76,100,116,1,293,642
4,Laurens,Burch,439,296,67.43 %,178,25,31,0,234,19,16,26,0,61,295,178,25,30,0,233,19,16,28,0,63,296,176,26,30,0,232,17,15,27,0,59,291
5,Laurens,Cadwell,788,501,63.58 %,305,80,40,1,426,35,22,18,0,75,501,304,80,40,1,425,35,22,18,0,75,500,302,80,40,1,423,34,22,18,0,74,497
6,Laurens,Brewton,1791,1059,59.13 %,529,206,96,1,832,76,85,62,0,223,1055,527,207,95,1,830,76,86,62,0,224,1054,525,207,96,1,829,73,84,62,0,219,1048
7,Laurens,Dudley,1169,844,72.20 %,414,202,69,0,685,44,49,65,0,158,843,412,201,68,0,681,45,50,66,0,161,842,412,201,69,0,682,42,49,62,0,153,835
8,Laurens,Hampton Mill,1869,1221,65.33 %,699,235,113,0,1047,81,37,56,0,174,1221,697,233,115,0,1045,83,39,54,0,176,1221,698,231,114,0,1043,73,38,53,0,164,1207
9,Laurens,Harvard,418,259,61.96 %,102,31,13,0,146,55,34,23,0,112,258,102,31,12,0,145,56,34,24,0,114,259,105,31,14,0,150,51,32,22,0,105,255
10,Laurens,Minter,972,615,63.27 %,382,126,73,2,583,11,9,11,1,32,615,381,126,73,2,582,12,9,11,1,33,615,376,124,72,2,574,12,8,9,1,30,604
11,Laurens,Rural Fire Sta 17,2449,1426,58.23 %,579,339,144,0,1062,102,137,122,0,361,1423,578,339,144,0,1061,105,137,122,0,364,1425,575,339,141,0,1055,98,136,116,0,350,1405
12,Laurens,W T Adams Fire Sta 18,2144,1532,71.46 %,502,423,144,1,1070,102,202,154,1,459,1529,501,425,145,1,1072,102,200,153,1,456,1528,500,426,145,1,1072,97,196,153,1,447,1519
13,Laurens,Reedy Springs,916,604,65.94 %,405,74,27,1,507,39,28,30,0,97,604,405,72,27,1,505,39,30,30,0,99,604,401,74,27,1,503,39,27,30,0,96,599
14,Laurens,Smith,3535,1719,48.63 %,463,275,117,0,855,264,357,239,1,861,1716,458,271,114,0,843,269,362,243,1,875,1718,465,271,116,0,852,251,348,234,1,834,1686
15,Laurens,LCFS 10 Valambrosia,2152,1304,60.59 %,387,291,118,0,796,127,227,150,1,505,1301,384,291,118,0,793,130,227,149,1,507,1300,386,296,117,0,799,121,217,146,1,485,1284
0,Lee,Chokee,481,327,67.98 %,85,64,17,0,166,41,47,72,0,160,326,85,64,17,0,166,41,47,73,0,161,327,86,64,19,0,169,39,47,69,0,155,324
1,Lee,Redbone,4914,3128,63.65 %,1052,1190,200,1,2443,159,325,193,0,677,3120,1054,1187,197,1,2439,160,329,195,0,684,3123,1054,1199,201,1,2455,153,308,186,0,647,3102
2,Lee,Smithville,1017,634,62.34 %,143,186,36,0,365,113,85,69,0,267,632,144,185,35,0,364,110,86,70,0,266,630,147,187,36,0,370,104,82,68,0,254,624
3,Lee,CJC,627,453,72.25 %,177,193,21,0,391,10,36,16,0,62,453,177,192,20,0,389,10,37,17,0,64,453,174,192,20,0,386,12,35,17,0,64,450
4,Lee,Leesburg,3391,1925,56.77 %,467,731,105,0,1303,164,312,145,0,621,1924,470,731,105,0,1306,161,312,145,0,618,1924,479,735,110,0,1324,151,295,138,0,584,1908
5,Lee,Friendship Baptist,1402,920,65.62 %,365,342,44,1,752,31,100,35,0,166,918,365,342,44,1,752,32,101,35,0,168,920,368,350,44,1,763,29,92,33,0,154,917
6,Lee,First Baptist,3980,2908,73.07 %,840,998,185,0,2023,186,445,252,0,883,2906,843,999,183,0,2025,183,443,254,0,880,2905,850,1005,202,0,2057,172,432,229,0,833,2890
7,Lee,SDA Church,1619,1116,68.93 %,378,379,71,0,828,70,134,82,0,286,1114,379,380,70,0,829,70,133,83,0,286,1115,381,381,68,0,830,67,131,81,0,279,1109
8,Lee,Flint Reformed Baptist,2679,1490,55.62 %,390,600,77,2,1069,111,209,98,0,418,1487,390,598,77,2,1067,112,213,98,0,423,1490,392,601,81,2,1076,108,204,89,0,401,1477
9,Lee,Century Fire Station,3234,2014,62.28 %,479,707,139,0,1325,189,351,145,0,685,2010,477,710,133,0,1320,192,349,149,0,690,2010,479,711,139,0,1329,185,339,140,0,664,1993
0,Liberty,Riceboro Youth Center,1104,749,67.84 %,52,68,16,0,136,122,293,194,0,609,745,52,67,16,0,135,124,296,194,0,614,749,48,66,16,0,130,122,288,188,0,598,728
1,Liberty,Lyman Hall School,4729,2061,43.58 %,132,228,84,0,444,308,790,513,2,1613,2057,137,225,79,0,441,303,795,515,2,1615,2056,131,235,82,0,448,305,780,506,2,1593,2041
2,Liberty,Lewis Frasier School,4482,2491,55.58 %,238,478,118,0,834,270,865,520,0,1655,2489,237,478,117,0,832,272,864,521,0,1657,2489,232,480,123,0,835,269,852,509,0,1630,2465
3,Liberty,Memorial Dr East,2183,913,41.82 %,58,85,22,0,165,121,385,236,0,742,907,57,83,20,0,160,123,389,239,0,751,911,62,86,24,0,172,115,379,230,0,724,896
4,Liberty,Button Gwinnett,2489,347,13.94 %,61,42,21,0,124,66,91,66,0,223,347,62,42,21,0,125,65,91,66,0,222,347,59,44,22,0,125,67,88,63,0,218,343
5,Liberty,Town of Allenhurst,2537,1382,54.47 %,111,138,59,0,308,208,574,290,1,1073,1381,110,137,59,0,306,209,575,291,1,1076,1382,114,146,64,0,324,204,561,281,1,1047,1371
6,Liberty,Hinesville,2093,1048,50.07 %,140,266,68,0,474,108,295,168,1,572,1046,140,260,68,0,468,108,302,167,1,578,1046,140,260,69,0,469,106,295,159,1,561,1030
7,Liberty,Liberty County Complex,4480,2761,61.63 %,330,751,137,0,1218,200,849,482,0,1531,2749,330,750,134,0,1214,201,854,485,0,1540,2754,334,745,138,0,1217,193,833,471,0,1497,2714
8,Liberty,Walthourville,3189,1530,47.98 %,125,146,50,0,321,214,679,315,1,1209,1530,125,146,48,0,319,214,678,317,1,1210,1529,126,150,47,0,323,211,667,313,1,1192,1515
9,Liberty,Fleming West,525,324,61.71 %,26,33,16,0,75,41,115,91,0,247,322,26,34,15,0,75,42,115,92,0,249,324,25,34,15,0,74,41,111,92,0,244,318
10,Liberty,Fleming East,3357,1938,57.73 %,494,694,154,0,1342,117,285,190,1,593,1935,489,694,154,0,1337,120,286,190,1,597,1934,498,686,157,0,1341,110,282,172,1,565,1906
11,Liberty,Gum Branch,3435,1461,42.53 %,389,241,70,0,700,115,388,253,0,756,1456,388,241,69,0,698,118,388,255,0,761,1459,388,245,68,0,701,112,376,251,0,739,1440
12,Liberty,Hinesville Lodge 271,2751,1353,49.18 %,100,165,79,0,344,194,475,338,0,1007,1351,103,165,79,0,347,191,476,338,0,1005,1352,100,168,83,0,351,190,467,331,0,988,1339
0,Lincoln,Midway,600,394,65.67 %,112,129,35,0,276,24,33,59,0,116,392,109,130,35,0,274,26,32,60,0,118,392,110,132,35,0,277,25,28,60,0,113,390
1,Lincoln,Lincoln Club House,801,514,64.17 %,98,87,19,0,204,64,112,132,0,308,512,98,88,20,0,206,63,111,132,0,306,512,97,89,19,0,205,61,104,129,0,294,499
2,Lincoln,Lincoln Center,1483,1026,69.18 %,272,433,84,0,789,55,103,78,0,236,1025,269,433,84,0,786,57,103,78,0,238,1024,272,430,83,0,785,54,98,77,0,229,1014
3,Lincoln,Faith Temple of Lincoln,495,324,65.45 %,86,93,24,0,203,29,40,51,0,120,323,85,94,24,0,203,30,39,51,0,120,323,87,93,24,0,204,28,39,51,0,118,322
4,Lincoln,Tabernacle,1011,671,66.37 %,160,184,38,0,382,59,103,125,0,287,669,158,181,38,0,377,62,106,126,0,294,671,160,183,35,0,378,59,102,121,0,282,660
5,Lincoln,Bethany Church,583,382,65.52 %,133,132,47,0,312,12,34,22,0,68,380,134,132,47,0,313,11,34,22,0,67,380,134,132,46,0,312,10,34,22,0,66,378
6,Lincoln,Martins Crossroad,1250,919,73.52 %,286,371,82,1,740,32,69,74,1,176,916,286,374,83,1,744,32,68,73,1,174,918,289,370,82,1,742,26,65,73,1,165,907
0,Long,Beards Creek,1572,723,45.99 %,244,149,27,0,420,82,119,99,0,300,720,241,149,25,0,415,85,121,101,0,307,722,241,147,28,0,416,79,113,98,0,290,706
1,Long,Rye Patch/Oak Dale,3242,1399,43.15 %,414,401,63,0,878,117,273,128,1,519,1397,414,402,62,0,878,116,272,129,1,518,1396,413,399,62,0,874,112,266,124,1,503,1377
2,Long,South Ludowici,1435,555,38.68 %,103,138,12,0,253,101,130,64,1,296,549,103,138,11,0,252,104,131,65,1,301,553,102,138,15,0,255,100,127,59,1,287,542
3,Long,North Ludowici,2342,922,39.37 %,197,227,34,1,459,113,257,91,0,461,920,200,226,35,1,462,111,259,90,0,460,922,198,224,34,1,457,111,255,87,0,453,910
4,Long,Tibet,937,461,49.20 %,191,161,26,1,379,17,40,24,0,81,460,192,161,26,1,380,17,40,24,0,81,461,192,161,26,1,380,12,37,24,0,73,453
5,Long,Alma Flournoy,301,170,56.48 %,79,61,4,0,144,5,7,14,0,26,170,79,60,5,0,144,5,8,13,0,26,170,76,60,5,0,141,6,8,13,0,27,168
6,Long,Faith Baptist Annex,927,418,45.09 %,137,148,19,1,305,23,65,24,0,112,417,137,146,20,1,304,23,64,23,0,110,414,137,149,19,1,306,23,60,24,0,107,413
0,Lowndes,Hahira Train Depot,5687,3482,61.23 %,1293,1194,220,33,2740,205,313,210,11,739,3479,1290,1190,224,33,2737,207,313,206,11,737,3474,1301,1189,221,33,2744,187,302,200,10,699,3443
1,Lowndes,Trinity,11147,5701,51.14 %,930,1638,333,17,2918,494,1446,817,18,2775,5693,927,1637,327,18,2909,495,1450,817,17,2779,5688,940,1640,320,17,2917,477,1429,811,17,2734,5651
2,Lowndes,Northside,17932,9532,53.16 %,1347,3321,763,20,5451,743,1904,1385,29,4061,9512,1340,3323,756,19,5438,749,1904,1395,29,4077,9515,1360,3326,790,20,5496,712,1852,1318,29,3911,9407
3,Lowndes,Naylor,1308,847,64.76 %,264,234,43,5,546,88,140,70,2,300,846,263,233,43,5,544,89,141,70,2,302,846,258,232,42,5,537,92,137,71,2,302,839
4,Lowndes,Rainwater,10115,5677,56.12 %,1033,2077,474,24,3608,385,1062,602,10,2059,5667,1029,2080,481,23,3613,389,1060,595,11,2055,5668,1037,2076,473,24,3610,374,1046,573,9,2002,5612
5,Lowndes,Mildred,4400,1848,42.00 %,67,135,32,3,237,372,691,520,13,1596,1833,68,137,32,3,240,370,696,521,13,1600,1840,71,132,29,2,234,362,688,520,14,1584,1818
6,Lowndes,Clyattville,4854,2558,52.70 %,844,800,183,14,1841,152,301,251,8,712,2553,848,800,185,15,1848,148,300,249,7,704,2552,847,796,183,14,1840,147,295,251,8,701,2541
7,Lowndes,Dasher,4365,2594,59.43 %,998,974,172,7,2151,91,207,137,4,439,2590,1000,974,173,7,2154,87,209,136,4,436,2590,996,963,177,6,2142,83,211,126,5,425,2567
8,Lowndes,S Lowndes,4082,2420,59.28 %,961,712,199,8,1880,150,202,180,3,535,2415,963,712,195,9,1879,149,203,182,1,535,2414,968,714,201,8,1891,136,197,175,2,510,2401
9,Lowndes,VSU UC # 2,339,55,16.22 %,4,2,1,0,7,12,18,16,2,48,55,4,2,1,0,7,12,18,16,2,48,55,4,2,2,0,8,12,18,14,2,46,54
10,Lowndes,Jaycee Shack,6449,2794,43.32 %,136,272,88,6,502,449,1187,603,43,2282,2784,140,273,91,6,510,445,1187,601,43,2276,2786,137,274,92,6,509,444,1176,594,40,2254,2763
11,Lowndes,Northgate Assembly,2033,843,41.47 %,122,270,68,13,473,53,177,127,8,365,838,120,268,67,13,468,55,179,128,8,370,838,122,271,65,13,471,51,176,132,8,367,838
12,Lowndes,Mt Calvary,4653,1577,33.89 %,32,46,29,3,110,271,714,428,45,1458,1568,30,46,30,2,108,273,714,431,45,1463,1571,34,47,30,2,113,269,707,425,44,1445,1558
0,Lumpkin,Dahlonega,22821,13716,60.10 %,2977,6323,1575,2,10877,417,1317,1086,0,2820,13697,2966,6304,1559,2,10831,427,1338,1103,0,2868,13699,2989,6320,1602,2,10913,386,1267,1017,0,2670,13583
0,Macon,Ideal,1417,859,60.62 %,160,297,25,0,482,87,210,73,0,370,852,157,297,25,0,479,93,211,74,0,378,857,157,293,25,0,475,89,205,73,0,367,842
1,Macon,Oglethorpe,1329,781,58.77 %,70,232,14,0,316,79,290,93,0,462,778,68,230,14,0,312,82,294,93,0,469,781,67,228,14,0,309,80,280,90,0,450,759
2,Macon,Marshallville,1386,858,61.90 %,127,192,17,0,336,232,173,114,0,519,855,126,193,17,0,336,234,174,114,0,522,858,128,192,17,0,337,224,166,110,0,500,837
3,Macon,Montezuma #4,1628,976,59.95 %,55,215,26,0,296,154,341,183,0,678,974,54,218,27,0,299,156,337,182,0,675,974,52,212,30,0,294,153,330,176,0,659,953
4,Macon,Montezuma #5,1393,810,58.15 %,34,121,14,0,169,164,309,162,0,635,804,34,118,13,0,165,164,311,166,0,641,806,30,118,17,0,165,162,301,159,0,622,787
0,Madison,Colbert,3398,2102,61.86 %,572,728,164,2,1466,170,248,216,0,634,2100,564,728,162,2,1456,177,248,218,0,643,2099,575,722,168,2,1467,164,244,203,0,611,2078
1,Madison,Collins,677,430,63.52 %,211,119,41,0,371,14,26,18,0,58,429,211,119,41,0,371,14,26,18,0,58,429,210,121,36,0,367,14,23,16,0,53,420
2,Madison,Comer,1466,960,65.48 %,281,266,83,0,630,89,102,136,1,328,958,279,264,83,0,626,91,104,136,1,332,958,280,266,82,0,628,91,95,133,1,320,948
3,Madison,Danielsville,3057,1901,62.19 %,395,958,205,1,1559,49,148,136,0,333,1892,398,960,207,1,1566,47,150,134,0,331,1897,397,953,213,1,1564,39,143,121,0,303,1867
4,Madison,Fork,580,344,59.31 %,160,53,18,0,231,30,45,38,0,113,344,157,53,16,0,226,33,45,39,0,117,343,156,54,17,0,227,32,42,38,0,112,339
5,Madison,Harrison,621,436,70.21 %,270,92,42,0,404,13,13,6,0,32,436,267,90,43,0,400,16,15,5,0,36,436,268,91,38,0,397,13,14,5,0,32,429
6,Madison,Hull,4491,2650,59.01 %,655,799,299,1,1754,261,386,245,1,893,2647,652,798,294,1,1745,265,386,250,1,902,2647,661,800,295,0,1756,254,374,237,1,866,2622
7,Madison,Ila,1776,1052,59.23 %,370,406,130,0,906,33,51,58,0,142,1048,369,401,135,0,905,33,55,55,0,143,1048,370,405,133,0,908,31,50,51,0,132,1040
8,Madison,Mill,1699,1118,65.80 %,392,461,105,0,958,39,58,62,0,159,1117,393,461,105,0,959,38,59,61,0,158,1117,395,464,100,0,959,34,50,60,0,144,1103
9,Madison,Paoli,273,200,73.26 %,107,51,16,0,174,11,6,9,0,26,200,107,51,16,0,174,11,6,9,0,26,200,108,53,16,0,177,10,4,9,0,23,200
10,Madison,Pittman,1966,1306,66.43 %,450,412,189,0,1051,58,90,107,0,255,1306,448,414,188,0,1050,60,88,107,0,255,1305,438,411,193,0,1042,60,85,96,0,241,1283
11,Madison,Poca,1136,725,63.82 %,299,235,86,1,621,27,35,39,0,101,722,301,237,84,1,623,26,34,41,0,101,724,296,234,82,1,613,27,32,42,0,101,714
0,Marion,Pineknot,985,594,60.30 %,319,165,42,0,526,18,24,24,0,66,592,317,164,42,0,523,20,25,24,0,69,592,317,165,42,0,524,12,23,25,0,60,584
1,Marion,Buena Vista,2413,1630,67.55 %,165,391,104,0,660,177,483,308,0,968,1628,166,393,101,0,660,175,479,311,0,965,1625,167,393,95,0,655,174,463,303,0,940,1595
2,Marion,Tazewell,329,228,69.30 %,106,63,14,0,183,11,13,21,0,45,228,105,63,14,0,182,12,13,20,0,45,227,107,63,15,0,185,10,13,20,0,43,228
3,Marion,Brantley,402,284,70.65 %,109,110,26,0,245,7,12,20,0,39,284,109,110,26,0,245,7,12,20,0,39,284,108,110,26,0,244,8,12,20,0,40,284
4,Marion,Fort Perry,913,483,52.90 %,195,144,45,0,384,24,39,36,0,99,483,196,144,44,0,384,23,39,37,0,99,483,192,146,44,0,382,22,35,33,0,90,472
0,McDuffie,131,1188,717,60.35 %,27,91,26,0,144,99,279,191,0,569,713,27,93,27,0,147,98,278,192,0,568,715,28,90,26,0,144,98,272,187,0,557,701
1,McDuffie,132,1536,1054,68.62 %,223,603,110,0,936,14,48,53,0,115,1051,221,605,110,0,936,17,46,54,0,117,1053,223,606,105,0,934,12,42,51,0,105,1039
2,McDuffie,133A,1304,755,57.90 %,209,261,55,0,525,49,98,81,0,228,753,210,260,55,0,525,48,96,81,0,225,750,207,261,56,0,524,49,94,80,0,223,747
3,McDuffie,133B,2008,1214,60.46 %,369,473,91,0,933,67,117,95,0,279,1212,371,469,91,0,931,66,119,96,0,281,1212,372,477,94,0,943,63,109,91,0,263,1206
4,McDuffie,134,1956,1192,60.94 %,110,287,62,0,459,138,299,292,0,729,1188,107,281,57,0,445,141,303,295,0,739,1184,110,283,58,0,451,136,292,292,0,720,1171
5,McDuffie,135,3153,1944,61.66 %,329,804,158,0,1291,115,339,195,0,649,1940,326,800,158,0,1284,118,343,195,0,656,1940,332,803,155,0,1290,109,323,191,0,623,1913
6,McDuffie,136,1992,896,44.98 %,39,67,28,0,134,146,331,281,0,758,892,36,65,29,0,130,149,333,282,0,764,894,38,67,28,0,133,147,329,272,0,748,881
7,McDuffie,137,1230,855,69.51 %,168,454,72,0,694,19,73,67,0,159,853,167,454,73,0,694,20,74,63,0,157,851,166,452,75,0,693,20,69,61,0,150,843
8,McDuffie,139,1012,633,62.55 %,112,226,48,0,386,39,113,95,0,247,633,112,228,48,0,388,39,111,95,0,245,633,110,221,45,0,376,39,115,92,0,246,622
0,McIntosh,Sapelo Island,53,36,67.92 %,4,0,2,0,6,14,5,11,0,30,36,4,0,3,0,7,14,5,10,0,29,36,4,0,2,0,6,12,5,11,0,28,34
1,McIntosh,Townsend,602,352,58.47 %,107,78,57,0,242,11,56,43,0,110,352,106,78,57,0,241,11,56,43,0,110,351,106,79,54,0,239,11,54,41,0,106,345
2,McIntosh,Crescent,2116,1247,58.93 %,155,220,55,0,430,212,390,205,0,807,1237,155,222,52,0,429,212,394,209,0,815,1244,159,214,62,0,435,205,386,195,0,786,1221
3,McIntosh,Darien,2651,1503,56.70 %,206,551,152,1,910,104,315,173,0,592,1502,205,549,150,1,905,105,315,175,0,595,1500,208,552,153,1,914,100,305,166,0,571,1485
4,McIntosh,South Newport,2257,1519,67.30 %,382,542,202,1,1127,40,179,170,0,389,1516,381,542,203,1,1127,41,179,169,0,389,1516,379,549,211,1,1140,38,160,153,0,351,1491
5,McIntosh,North Darien,2367,1301,54.96 %,230,500,94,0,824,95,240,136,0,471,1295,224,506,92,0,822,102,237,140,0,479,1301,229,500,92,0,821,94,232,132,0,458,1279
0,Meriwether,Chalybeate,468,313,66.88 %,190,59,23,0,272,12,11,17,0,40,312,190,59,23,0,272,12,11,17,0,40,312,190,59,24,0,273,11,12,16,0,39,312
1,Meriwether,Gill I,1710,1014,59.30 %,335,199,111,0,645,152,95,122,0,369,1014,331,198,110,0,639,155,96,123,0,374,1013,332,202,116,0,650,151,90,111,0,352,1002
2,Meriwether,Gill II,1029,620,60.25 %,46,66,14,0,126,150,146,197,0,493,619,44,65,15,0,124,152,147,195,0,494,618,45,68,15,0,128,149,140,188,0,477,605
3,Meriwether,Odessadale,302,217,71.85 %,29,79,23,0,131,32,16,37,0,85,216,29,79,24,0,132,32,16,36,0,84,216,31,78,24,0,133,30,16,36,0,82,215
4,Meriwether,Greenville,2048,1258,61.43 %,194,355,80,0,629,105,337,183,0,625,1254,191,351,79,0,621,109,341,183,0,633,1254,192,351,79,0,622,105,334,176,0,615,1237
5,Meriwether,Lone Oak,1283,821,63.99 %,189,197,38,0,424,97,151,149,0,397,821,187,199,38,0,424,99,148,148,0,395,819,186,197,38,0,421,97,148,146,0,391,812
6,Meriwether,Luthersville,2817,1700,60.35 %,487,417,134,0,1038,183,269,206,2,660,1698,482,416,132,0,1030,189,270,208,2,669,1699,486,420,136,0,1042,182,260,199,1,642,1684
7,Meriwether,Alvaton,1568,1031,65.75 %,336,256,74,1,667,115,127,122,0,364,1031,335,256,73,1,665,116,127,123,0,366,1031,334,256,74,1,665,110,123,120,0,353,1018
8,Meriwether,Gay,417,279,66.91 %,127,66,17,0,210,14,20,35,0,69,279,127,66,16,0,209,14,20,36,0,70,279,126,64,20,0,210,14,21,31,0,66,276
9,Meriwether,Woodbury,1386,873,62.99 %,186,206,62,0,454,175,126,115,1,417,871,186,207,62,0,455,175,126,114,1,416,871,187,206,64,0,457,167,120,108,1,396,853
10,Meriwether,Warm Springs,1185,755,63.71 %,244,177,72,1,494,104,92,63,0,259,753,244,176,71,1,492,106,91,64,0,261,753,242,172,73,1,488,105,90,58,0,253,741
11,Meriwether,Durand,743,498,67.03 %,191,98,44,0,333,44,63,58,0,165,498,192,98,45,0,335,43,63,57,0,163,498,191,96,44,0,331,42,62,55,0,159,490
12,Meriwether,Raleigh,519,335,64.55 %,117,129,29,0,275,14,28,17,0,59,334,119,127,28,0,274,13,30,18,0,61,335,121,125,29,0,275,10,29,17,0,56,331
13,Meriwether,Cove,203,146,71.92 %,92,28,15,0,135,5,1,4,0,10,145,93,28,15,0,136,5,1,4,0,10,146,93,28,15,0,136,4,1,4,0,9,145
0,Miller,Colquitt-Miller,3984,2462,61.80 %,575,1048,175,2,1800,217,260,173,0,650,2450,578,1049,174,2,1803,216,260,175,0,651,2454,576,1025,169,2,1772,208,248,174,0,630,2402
0,Mitchell,Baconton,0,647,0.00 %,186,131,28,0,345,90,127,84,0,301,646,185,131,27,0,343,92,127,85,0,304,647,185,132,27,0,344,90,125,84,0,299,643
1,Mitchell,Branchville,0,437,0.00 %,237,109,22,0,368,19,26,24,0,69,437,236,109,22,0,367,19,26,24,0,69,436,237,110,22,0,369,15,25,24,0,64,433
2,Mitchell,Camilla North,0,1111,0.00 %,51,133,18,0,202,214,386,303,0,903,1105,49,136,18,0,203,217,385,305,0,907,1110,59,141,21,0,221,206,376,297,0,879,1100
3,Mitchell,Camilla South,0,2095,0.00 %,213,706,142,0,1061,178,546,305,0,1029,2090,213,702,140,0,1055,181,548,306,0,1035,2090,211,712,153,0,1076,177,527,289,0,993,2069
4,Mitchell,Cotton,0,281,0.00 %,180,47,30,0,257,9,5,10,0,24,281,180,47,31,0,258,9,5,9,0,23,281,179,47,32,0,258,9,4,6,0,19,277
5,Mitchell,Hopeful,0,235,0.00 %,115,64,15,1,195,11,15,13,0,39,234,113,63,15,1,192,12,15,14,0,41,233,115,61,15,1,192,10,17,14,0,41,233
6,Mitchell,Hinsonton,0,112,0.00 %,80,11,6,0,97,2,5,8,0,15,112,81,12,6,0,99,1,4,8,0,13,112,81,12,6,0,99,1,4,8,0,13,112
7,Mitchell,Lester,0,766,0.00 %,310,233,61,0,604,25,58,74,1,158,762,309,232,60,0,601,27,60,75,1,163,764,310,236,59,0,605,25,55,73,1,154,759
8,Mitchell,Pebble City,0,122,0.00 %,74,17,12,0,103,8,8,2,0,18,121,74,17,12,0,103,9,8,2,0,19,122,75,17,12,0,104,7,7,2,0,16,120
9,Mitchell,Pelham,0,1840,0.00 %,321,472,104,1,898,243,380,304,4,931,1829,320,471,107,1,899,247,382,304,4,937,1836,317,474,112,2,905,245,368,292,3,908,1813
10,Mitchell,Sale City,0,239,0.00 %,135,31,10,3,179,27,18,13,1,59,238,136,31,10,3,180,26,18,13,1,58,238,136,32,11,3,182,24,16,12,1,53,235
0,Monroe,Bentons,2314,1749,75.58 %,471,793,120,0,1384,67,175,122,0,364,1748,474,794,119,0,1387,64,174,123,0,361,1748,478,798,119,0,1395,51,161,119,0,331,1726
1,Monroe,Brantleys,1127,870,77.20 %,291,419,33,0,743,31,64,30,0,125,868,293,420,33,0,746,30,64,30,0,124,870,296,418,33,0,747,25,54,29,0,108,855
2,Monroe,Burgays,2298,1839,80.03 %,543,826,126,0,1495,63,182,97,0,342,1837,542,824,127,0,1493,63,186,96,0,345,1838,551,829,132,0,1512,49,168,86,0,303,1815
3,Monroe,Cabaniss,807,502,62.21 %,205,131,19,0,355,41,69,36,0,146,501,203,129,20,0,352,41,70,36,0,147,499,202,134,22,0,358,40,64,31,0,135,493
4,Monroe,Cox,728,535,73.49 %,181,220,16,0,417,24,57,36,0,117,534,179,220,16,0,415,26,58,36,0,120,535,177,220,16,0,413,25,52,36,0,113,526
5,Monroe,Culloden,466,311,66.74 %,114,67,25,0,206,45,27,30,0,102,308,114,67,26,0,207,47,27,29,0,103,310,115,68,26,0,209,45,25,29,0,99,308
6,Monroe,Dillards,1006,639,63.52 %,208,277,27,0,512,30,60,35,0,125,637,206,277,28,0,511,31,60,35,0,126,637,207,280,27,0,514,29,56,31,0,116,630
7,Monroe,Evers,2161,1440,66.64 %,399,638,90,1,1128,70,167,73,0,310,1438,397,637,89,1,1124,72,169,74,0,315,1439,397,637,90,1,1125,66,165,71,0,302,1427
8,Monroe,Forsyth,4699,2764,58.82 %,285,768,104,0,1157,284,812,501,0,1597,2754,282,764,104,0,1150,288,815,504,0,1607,2757,292,773,105,0,1170,276,784,489,0,1549,2719
9,Monroe,High Falls,2019,1126,55.77 %,421,431,81,0,933,48,86,58,0,192,1125,416,425,80,0,921,50,92,59,0,201,1122,420,425,82,0,927,46,87,52,0,185,1112
10,Monroe,Kelseys,727,493,67.81 %,125,121,9,0,255,61,106,69,0,236,491,125,120,9,0,254,61,106,70,0,237,491,125,124,8,0,257,58,102,71,0,231,488
11,Monroe,Middlebrooks,1328,860,64.76 %,240,443,36,0,719,32,80,29,0,141,860,241,443,35,0,719,31,80,30,0,141,860,240,434,37,0,711,32,83,27,0,142,853
12,Monroe,Proctors,1237,700,56.59 %,273,212,35,0,520,57,90,32,0,179,699,273,212,32,0,517,57,89,35,0,181,698,273,213,35,0,521,56,87,31,0,174,695
13,Monroe,Russellville,476,312,65.55 %,147,104,8,1,260,20,16,15,0,51,311,149,103,8,1,261,18,17,15,0,50,311,146,104,8,1,259,20,15,15,0,50,309
0,Montgomery,Ailey,441,315,71.43 %,81,127,19,0,227,28,34,24,0,86,313,80,127,18,0,225,29,34,26,0,89,314,79,130,18,0,227,28,29,26,0,83,310
1,Montgomery,Alston,480,342,71.25 %,170,103,25,0,298,6,28,10,0,44,342,170,103,25,0,298,6,28,10,0,44,342,169,103,22,0,294,5,26,10,0,41,335
2,Montgomery,Higgston,1347,850,63.10 %,320,292,45,0,657,54,80,57,0,191,848,320,291,45,0,656,54,81,57,0,192,848,323,294,45,0,662,50,75,54,0,179,841
3,Montgomery,Kibbee,549,378,68.85 %,206,94,44,0,344,9,10,14,0,33,377,206,95,44,0,345,8,10,14,0,32,377,207,96,42,0,345,5,8,14,0,27,372
4,Montgomery,Mount Vernon,1452,836,57.58 %,183,225,58,0,466,130,137,98,0,365,831,180,224,58,0,462,133,139,101,0,373,835,183,226,58,0,467,123,129,101,0,353,820
5,Montgomery,Tarrytown,338,242,71.60 %,132,74,22,0,228,8,3,3,0,14,242,132,74,22,0,228,8,3,3,0,14,242,129,74,22,0,225,9,3,3,0,15,240
6,Montgomery,Uvalda,917,570,62.16 %,229,145,41,0,415,47,49,55,0,151,566,230,146,40,0,416,48,48,56,0,152,568,226,147,39,0,412,48,45,53,0,146,558
0,Morgan,Northeast Morgan,2972,2013,67.73 %,223,552,94,0,869,186,639,316,0,1141,2010,218,552,91,0,861,191,639,319,0,1149,2010,227,551,99,0,877,181,622,302,0,1105,1982
1,Morgan,East Morgan,2267,1693,74.68 %,493,727,99,0,1319,77,201,95,0,373,1692,492,723,98,0,1313,78,203,96,0,377,1690,490,726,98,0,1314,77,195,93,0,365,1679
2,Morgan,Beth/Springfield,866,656,75.75 %,181,293,51,0,525,30,38,61,0,129,654,182,293,51,0,526,29,39,61,0,129,655,180,288,45,0,513,28,41,64,0,133,646
3,Morgan,Central Morgan,2800,2040,72.86 %,349,956,175,0,1480,99,282,177,1,559,2039,346,953,171,0,1470,100,285,181,1,567,2037,349,951,178,0,1478,97,278,168,1,544,2022
4,Morgan,Clacks Chapel,731,560,76.61 %,171,264,40,0,475,18,32,33,1,84,559,172,263,42,0,477,17,33,31,1,82,559,174,261,42,0,477,16,32,31,1,80,557
5,Morgan,West Morgan,2700,1983,73.44 %,581,905,112,1,1599,95,193,92,0,380,1979,578,900,109,1,1588,99,199,94,0,392,1980,579,910,111,1,1601,95,185,89,0,369,1970
6,Morgan,North Morgan,2723,1894,69.56 %,581,723,158,1,1463,84,229,118,0,431,1894,579,721,160,1,1461,86,231,116,0,433,1894,575,726,161,1,1463,85,216,113,0,414,1877
0,Murray,McDonald,2601,1403,53.94 %,409,667,116,0,1192,55,86,68,0,209,1401,409,668,116,0,1193,55,85,67,0,207,1400,405,652,115,0,1172,58,84,65,0,207,1379
1,Murray,Shuck Pen,3042,1697,55.79 %,740,566,112,0,1418,118,91,69,0,278,1696,738,565,112,0,1415,119,92,69,0,280,1695,735,564,113,0,1412,115,86,66,0,267,1679
2,Murray,Southwest,3352,1726,51.49 %,795,580,140,0,1515,81,72,57,0,210,1725,795,582,142,0,1519,80,70,55,0,205,1724,781,566,133,0,1480,80,68,57,0,205,1685
3,Murray,Spring Place,3752,2186,58.26 %,730,886,151,0,1767,147,148,119,0,414,2181,730,886,151,0,1767,149,148,119,0,416,2183,729,877,149,0,1755,144,141,119,0,404,2159
4,Murray,Town,5927,3488,58.85 %,918,1617,320,0,2855,143,265,224,0,632,3487,918,1616,318,0,2852,143,266,224,0,633,3485,913,1609,304,0,2826,139,249,224,0,612,3438
5,Murray,Carters-Doolittle,2112,1168,55.30 %,554,389,93,0,1036,44,46,42,0,132,1168,554,390,93,0,1037,44,45,41,0,130,1167,544,381,91,0,1016,44,45,41,0,130,1146
6,Murray,North,2195,1342,61.14 %,659,423,98,0,1180,44,50,67,0,161,1341,662,423,98,0,1183,41,50,66,0,157,1340,653,422,94,0,1169,36,45,70,0,151,1320
0,Muscogee,Wynnton/Britt,5408,2685,49.65 %,205,323,122,2,652,396,971,652,11,2030,2682,201,313,117,2,633,401,980,653,11,2045,2678,207,335,131,2,675,385,947,620,6,1958,2633
1,Muscogee,Carver/Mack,4450,2098,47.15 %,27,34,23,2,86,277,1047,678,3,2005,2091,23,32,21,2,78,282,1053,680,3,2018,2096,25,41,27,2,95,275,1030,667,3,1975,2070
2,Muscogee,St John/Belvedere,5428,3143,57.90 %,36,97,53,1,187,330,1695,909,14,2948,3135,38,90,54,1,183,330,1702,909,14,2955,3138,39,95,55,0,189,327,1684,885,13,2909,3098
3,Muscogee,Britt David,2803,1519,54.19 %,411,338,128,2,879,162,287,188,3,640,1519,409,338,127,2,876,162,287,188,3,640,1516,406,335,131,1,873,156,285,175,4,620,1493
4,Muscogee,St Peter,3314,2032,61.32 %,497,495,198,1,1191,165,375,291,3,834,2025,495,496,199,1,1191,166,377,291,3,837,2028,498,496,213,1,1208,157,367,262,3,789,1997
5,Muscogee,Cornerstone,6839,3961,57.92 %,913,1037,362,4,2316,332,790,508,7,1637,3953,912,1032,365,3,2312,334,795,502,7,1638,3950,923,1058,371,5,2357,312,759,477,6,1554,3911
6,Muscogee,Columbus Tech,4548,1765,38.81 %,304,433,145,5,887,207,379,286,2,874,1761,304,433,146,6,889,207,379,283,1,870,1759,303,434,141,3,881,205,364,280,3,852,1733
7,Muscogee,St Mark/Heiferhorn,6605,4556,68.98 %,1028,1572,455,16,3071,206,695,577,6,1484,4555,1020,1568,452,15,3055,213,699,580,7,1499,4554,1036,1593,469,14,3112,187,656,547,7,1397,4509
8,Muscogee,Wynnbrook,2707,2105,77.76 %,406,740,336,4,1486,87,236,291,1,615,2101,402,735,333,4,1474,91,241,293,1,626,2100,417,755,346,4,1522,71,220,256,0,547,2069
9,Muscogee,Cusseta Rd,6297,2463,39.11 %,26,50,45,0,121,549,1116,665,6,2336,2457,26,52,38,0,116,546,1111,673,6,2336,2452,30,58,44,0,132,538,1091,654,6,2289,2421
10,Muscogee,Our Lady of Lourdes,10499,3776,35.97 %,208,249,140,1,598,666,1455,1031,11,3163,3761,212,244,137,1,594,666,1463,1034,12,3175,3769,214,239,129,0,582,649,1447,1019,11,3126,3708
11,Muscogee,Mt Pilgrim,6133,3427,55.88 %,54,60,31,4,149,504,1811,952,2,3269,3418,52,58,31,4,145,507,1815,956,2,3280,3425,57,59,36,3,155,495,1795,936,2,3228,3383
12,Muscogee,Faith Tabernacle,4561,2562,56.17 %,54,81,47,0,182,407,1289,681,1,2378,2560,53,81,47,0,181,408,1288,682,1,2379,2560,49,83,49,0,181,405,1275,671,1,2352,2533
13,Muscogee,Canaan,7199,3413,47.41 %,117,228,146,2,493,424,1574,905,6,2909,3402,117,227,147,2,493,423,1578,906,6,2913,3406,118,231,153,2,504,418,1557,877,6,2858,3362
14,Muscogee,Holsey/Buena Vista,7808,4005,51.29 %,86,213,133,0,432,539,2039,981,8,3567,3999,84,216,133,0,433,541,2039,979,9,3568,4001,83,221,130,0,434,535,2021,964,8,3528,3962
15,Muscogee,Gentian/Reese,5714,3149,55.11 %,500,683,286,3,1472,312,846,500,12,1670,3142,497,680,288,3,1468,316,850,501,12,1679,3147,503,690,278,3,1474,304,825,477,12,1618,3092
16,Muscogee,St Paul/Clubview,5771,3649,63.23 %,676,1101,322,2,2101,282,734,529,2,1547,3648,667,1096,323,2,2088,290,739,526,2,1557,3645,677,1121,350,2,2150,255,705,476,0,1436,3586
17,Muscogee,Moon/Morningside,5506,3115,56.57 %,615,882,335,2,1834,259,599,411,4,1273,3107,619,880,335,2,1836,254,603,411,4,1272,3108,618,891,347,1,1857,251,580,387,5,1223,3080
18,Muscogee,St Andrews/Midland,8120,5160,63.55 %,962,1377,446,9,2794,386,1212,756,7,2361,5155,950,1377,444,9,2780,397,1213,760,7,2377,5157,962,1406,458,8,2834,372,1170,715,6,2263,5097
19,Muscogee,Salvation Army,3250,1881,57.88 %,281,422,155,1,859,207,511,297,5,1020,1879,276,421,150,1,848,211,514,302,5,1032,1880,280,424,159,2,865,204,503,282,4,993,1858
20,Muscogee,First African,2023,825,40.78 %,71,101,55,3,230,107,272,204,6,589,819,69,100,50,3,222,109,275,209,6,599,821,73,105,58,3,239,104,262,192,6,564,803
21,Muscogee,Epworth UMC,4609,2156,46.78 %,416,482,219,3,1120,240,426,361,3,1030,2150,413,480,211,2,1106,243,429,369,4,1045,2151,418,482,230,2,1132,233,413,341,3,990,2122
22,Muscogee,Marianna Gallops,3162,1235,39.06 %,126,145,52,1,324,217,390,297,2,906,1230,125,142,52,1,320,219,391,297,2,909,1229,124,147,54,0,325,214,382,283,2,881,1206
23,Muscogee,Edgewood Baptist,3303,1788,54.13 %,222,221,96,1,540,168,732,340,5,1245,1785,222,218,99,1,540,170,734,337,5,1246,1786,225,223,101,1,550,164,715,327,5,1211,1761
24,Muscogee,Psalmond/Mathews,7484,5172,69.11 %,648,1594,375,5,2622,264,1502,772,7,2545,5167,643,1590,374,5,2612,270,1504,773,7,2554,5166,650,1621,385,5,2661,257,1460,738,7,2462,5123
0,Newton,City Pond,1889,943,49.92 %,146,124,49,0,319,191,170,260,0,621,940,145,125,49,0,319,192,169,261,0,622,941,146,127,51,0,324,187,159,253,0,599,923
1,Newton,Town,4487,2279,50.79 %,152,218,128,0,498,398,637,734,2,1771,2269,149,216,126,0,491,401,641,742,2,1786,2277,155,225,127,0,507,390,628,730,2,1750,2257
2,Newton,Almon,5097,3219,63.15 %,248,210,148,0,606,509,1162,934,2,2607,3213,249,208,149,0,606,509,1164,933,2,2608,3214,247,221,154,1,623,511,1145,925,1,2582,3205
3,Newton,Alcovy,4737,3065,64.70 %,541,647,318,0,1506,307,718,531,0,1556,3062,532,644,316,0,1492,316,722,534,0,1572,3064,549,659,330,0,1538,293,699,510,0,1502,3040
4,Newton,Covington Mills,3181,1845,58.00 %,324,304,190,0,818,261,421,344,0,1026,1844,319,304,183,0,806,267,421,349,0,1037,1843,325,316,189,0,830,257,401,336,0,994,1824
5,Newton,Brewers,3624,2253,62.17 %,985,428,202,0,1615,188,204,244,0,636,2251,984,424,201,0,1609,189,209,245,0,643,2252,980,425,201,0,1606,186,202,235,0,623,2229
6,Newton,Brick Store,2677,1824,68.14 %,527,566,203,0,1296,108,211,209,0,528,1824,523,563,198,0,1284,112,214,213,0,539,1823,524,562,208,0,1294,105,205,200,0,510,1804
7,Newton,Cedar Shoals,2879,1465,50.89 %,289,183,102,0,574,246,317,324,0,887,1461,287,180,101,0,568,248,321,325,0,894,1462,293,187,102,0,582,238,308,317,0,863,1445
8,Newton,Livingston,4693,2644,56.34 %,287,253,111,0,651,434,861,695,1,1991,2642,285,250,109,0,644,436,864,697,1,1998,2642,287,254,111,0,652,432,855,686,1,1974,2626
9,Newton,Downs,6349,3952,62.25 %,716,722,248,0,1686,517,978,766,0,2261,3947,708,721,244,0,1673,526,980,770,0,2276,3949,717,717,242,0,1676,512,973,762,0,2247,3923
10,Newton,Gum Creek,4170,2990,71.70 %,867,770,435,0,2072,162,392,362,0,916,2988,865,766,434,0,2065,162,396,363,0,921,2986,878,775,435,0,2088,151,382,349,0,882,2970
11,Newton,Beaverdam,5541,3322,59.95 %,197,231,129,0,557,610,1235,913,2,2760,3317,196,225,124,0,545,611,1242,919,2,2774,3319,195,238,127,1,561,604,1222,902,1,2729,3290
12,Newton,Leguinn,2206,1465,66.41 %,629,309,156,0,1094,104,118,146,0,368,1462,625,307,155,0,1087,108,120,149,0,377,1464,629,305,158,0,1092,100,118,136,0,354,1446
13,Newton,Mansfield,1535,1093,71.21 %,631,227,111,0,969,35,34,53,0,122,1091,627,226,109,0,962,41,35,55,0,131,1093,632,226,110,0,968,35,34,52,0,121,1089
14,Newton,Newborn,806,576,71.46 %,342,81,44,0,467,44,19,44,0,107,574,344,81,44,0,469,43,19,44,0,106,575,348,81,45,0,474,38,18,40,0,96,570
15,Newton,Oxford,2464,1590,64.53 %,533,294,229,0,1056,132,127,271,0,530,1586,532,292,231,0,1055,134,130,268,0,532,1587,532,289,233,0,1054,130,131,257,0,518,1572
16,Newton,Rocky Plains,3724,2120,56.93 %,563,384,127,0,1074,286,401,359,0,1046,2120,561,385,127,0,1073,288,400,357,0,1045,2118,564,390,133,0,1087,283,392,346,0,1021,2108
17,Newton,Buck Creek,4912,2881,58.65 %,456,503,211,0,1170,369,694,643,3,1709,2879,451,503,209,0,1163,374,693,645,3,1715,2878,461,503,214,1,1179,359,682,627,2,1670,2849
18,Newton,Stansells,5076,2982,58.75 %,223,246,167,0,636,540,1032,772,0,2344,2980,223,245,168,0,636,540,1031,773,0,2344,2980,225,246,181,0,652,533,1026,755,0,2314,2966
19,Newton,Fairview,3008,1664,55.32 %,60,69,53,0,182,402,599,475,1,1477,1659,58,65,53,0,176,404,605,476,1,1486,1662,54,71,53,0,178,406,596,466,1,1469,1647
20,Newton,Crowell,5092,2892,56.79 %,126,103,73,0,302,599,1172,819,0,2590,2892,123,102,74,0,299,602,1172,818,0,2592,2891,130,108,75,0,313,592,1159,807,0,2558,2871
21,Newton,Hub,2391,1799,75.24 %,762,518,192,0,1472,90,121,113,0,324,1796,762,517,192,0,1471,90,123,113,0,326,1797,766,520,189,0,1475,80,117,111,0,308,1783
0,Oconee,City Hall,3940,3015,76.52 %,507,1062,258,1,1828,156,670,360,0,1186,3014,499,1047,256,1,1803,163,685,362,0,1210,3013,508,1093,267,1,1869,149,621,340,0,1110,2979
1,Oconee,Colham Ferry,1888,1496,79.24 %,290,626,128,0,1044,74,233,145,0,452,1496,287,620,125,0,1032,77,238,148,0,463,1495,295,628,128,0,1051,65,227,137,0,429,1480
2,Oconee,Antioch,1414,1084,76.66 %,328,405,90,0,823,51,111,97,0,259,1082,324,402,83,0,809,55,115,105,0,275,1084,330,405,90,0,825,44,105,94,0,243,1068
3,Oconee,Farmington,743,528,71.06 %,160,175,29,0,364,38,75,50,0,163,527,157,176,30,0,363,41,74,49,0,164,527,161,182,31,0,374,34,68,44,0,146,520
4,Oconee,Bishop,1948,1526,78.34 %,293,684,91,0,1068,75,255,128,0,458,1526,290,674,90,0,1054,78,264,129,0,471,1525,293,700,91,0,1084,68,230,124,0,422,1506
5,Oconee,High Shoals,1950,1572,80.62 %,288,744,115,0,1147,73,253,98,0,424,1571,284,737,113,0,1134,77,260,99,0,436,1570,295,755,123,0,1173,63,240,83,0,386,1559
6,Oconee,North Oconee,1270,1009,79.45 %,241,451,83,0,775,41,122,71,0,234,1009,237,452,81,0,770,44,120,71,0,235,1005,246,458,81,0,785,35,110,69,0,214,999
7,Oconee,Dark Corner,3630,2894,79.72 %,770,1305,207,0,2282,110,331,167,0,608,2890,768,1296,203,0,2267,111,342,172,0,625,2892,782,1326,213,0,2321,93,305,150,0,548,2869
8,Oconee,Bogart,2401,1705,71.01 %,404,665,147,0,1216,119,241,129,0,489,1705,402,659,143,0,1204,121,247,132,0,500,1704,409,679,142,0,1230,110,224,127,0,461,1691
9,Oconee,Marswood Hall,4124,3298,79.97 %,506,1301,419,0,2226,136,514,418,0,1068,3294,502,1291,409,0,2202,140,523,426,0,1089,3291,519,1334,440,0,2293,119,468,378,0,965,3258
10,Oconee,East Oconee,2697,2024,75.05 %,250,846,145,0,1241,116,376,285,0,777,2018,246,843,142,0,1231,120,380,290,0,790,2021,252,868,158,0,1278,112,348,262,0,722,2000
11,Oconee,Civic Center,4439,3414,76.91 %,501,1384,321,0,2206,167,639,398,0,1204,3410,490,1366,316,0,2172,177,657,404,0,1238,3410,520,1411,340,0,2271,145,589,371,0,1105,3376
0,Oglethorpe,Beaverdam,3610,2357,65.29 %,639,769,250,0,1658,138,315,243,0,696,2354,635,768,247,0,1650,143,317,245,0,705,2355,640,770,244,0,1654,129,301,239,0,669,2323
1,Oglethorpe,Crawford,3108,1926,61.97 %,366,722,182,1,1271,155,289,208,0,652,1923,364,719,182,1,1266,158,288,208,0,654,1920,371,721,196,0,1288,145,281,192,0,618,1906
2,Oglethorpe,Lexington,4393,2948,67.11 %,531,1224,300,1,2056,148,409,331,1,889,2945,525,1216,301,1,2043,153,417,329,1,900,2943,524,1230,301,1,2056,152,385,319,1,857,2913
0,Paulding,Burnt Hickory Park,6394,4365,68.27 %,1212,1873,467,3,3555,189,314,300,3,806,4361,1202,1865,467,3,3537,198,324,300,3,825,4362,1219,1860,477,4,3560,175,310,276,2,763,4323
1,Paulding,Crossroads Library,3711,2903,78.23 %,640,1156,304,2,2102,162,321,315,0,798,2900,628,1154,298,2,2082,175,323,321,0,819,2901,650,1164,296,2,2112,144,308,306,0,758,2870
2,Paulding,Shelton Elementary,5195,3593,69.16 %,861,1059,308,3,2231,271,652,431,5,1359,3590,854,1066,303,3,2226,278,647,435,5,1365,3591,863,1077,308,3,2251,261,629,423,4,1317,3568
3,Paulding,Russom Elementary,8468,6040,71.33 %,1354,1906,751,0,4011,351,795,882,0,2028,6039,1342,1899,741,0,3982,360,802,891,0,2053,6035,1380,1910,741,0,4031,315,784,852,0,1951,5982
4,Paulding,Paulding Sr Center,6105,3865,63.31 %,911,1166,272,5,2354,304,706,497,0,1507,3861,908,1157,273,5,2343,308,716,495,0,1519,3862,919,1159,277,5,2360,285,707,475,0,1467,3827
5,Paulding,Legacy Bapt Church,4536,2685,59.19 %,452,781,344,2,1579,199,489,406,9,1103,2682,448,776,345,3,1572,203,492,405,9,1109,2681,454,775,345,3,1577,194,483,387,9,1073,2650
6,Paulding,Watson Govt Cmplx,11054,6202,56.11 %,1017,1803,638,5,3463,525,1265,936,2,2728,6191,1009,1798,630,5,3442,533,1273,946,2,2754,6196,1027,1818,623,5,3473,510,1241,913,2,2666,6139
7,Paulding,West Ridge Church,11737,7464,63.59 %,1584,2591,882,8,5065,439,1030,920,2,2391,7456,1577,2580,870,8,5035,447,1040,929,2,2418,7453,1594,2601,899,8,5102,418,993,864,2,2277,7379
8,Paulding,Events Place,5081,3152,62.04 %,333,521,229,2,1085,382,963,717,4,2066,3151,332,519,226,2,1079,382,964,720,4,2070,3149,333,528,237,2,1100,381,948,693,3,2025,3125
9,Paulding,Poplar Sprgs Bapt Church,4927,2987,60.63 %,384,687,222,3,1296,321,845,514,7,1687,2983,383,685,222,3,1293,323,847,512,7,1689,2982,387,691,230,4,1312,315,832,500,6,1653,2965
10,Paulding,D Wright Innovation Ctr,7277,4469,61.41 %,749,1632,260,7,2648,357,864,594,6,1821,4469,748,1622,260,7,2637,358,874,594,6,1832,4469,747,1634,254,7,2642,351,848,583,5,1787,4429
11,Paulding,Nebo Elem School,10237,6140,59.98 %,1597,2214,571,6,4388,376,748,617,4,1745,6133,1594,2208,559,6,4367,382,756,627,4,1769,6136,1618,2226,573,7,4424,348,728,599,3,1678,6102
12,Paulding,White Oak Park,5966,3485,58.41 %,731,1083,332,4,2150,319,558,454,2,1333,3483,731,1081,325,4,2141,319,562,459,2,1342,3483,734,1084,334,4,2156,308,547,440,2,1297,3453
13,Paulding,Mulberry Rock Park,6079,3809,62.66 %,1099,1564,428,2,3093,143,325,244,1,713,3806,1092,1559,426,2,3079,150,329,246,1,726,3805,1097,1566,432,2,3097,135,310,227,1,673,3770
14,Paulding,Beulahland Baptist Church,2599,1545,59.45 %,537,521,135,6,1199,59,147,137,1,344,1543,534,519,132,6,1191,62,149,140,1,352,1543,534,526,132,6,1198,59,139,138,1,337,1535
15,Paulding,Paulding County Airport,4229,2409,56.96 %,779,738,255,2,1774,139,272,221,0,632,2406,779,734,253,2,1768,139,277,224,0,640,2408,783,736,259,2,1780,133,269,213,0,615,2395
16,Paulding,Picketts Mill Baptist Church,2806,1965,70.03 %,488,679,194,1,1362,100,259,244,0,603,1965,483,673,192,1,1349,105,264,246,0,615,1964,493,679,199,1,1372,93,250,227,0,570,1942
17,Paulding,Taylor Farm Park,2806,1755,62.54 %,248,615,226,2,1091,142,342,178,0,662,1753,247,610,227,2,1086,143,345,178,0,666,1752,247,618,227,2,1094,142,331,165,0,638,1732
18,Paulding,Dobbins Middle School,8190,5187,63.33 %,583,1500,340,3,2426,495,1385,873,4,2757,5183,580,1495,332,3,2410,496,1391,881,4,2772,5182,579,1516,347,3,2445,492,1357,856,4,2709,5154
0,Peach,Byron 1,2694,1796,66.67 %,276,856,90,1,1223,116,328,128,0,572,1795,275,852,90,1,1218,117,331,128,0,576,1794,279,861,96,1,1237,109,309,119,0,537,1774
1,Peach,Byron 2,5178,3303,63.79 %,456,1373,211,0,2040,176,750,333,1,1260,3300,457,1368,210,0,2035,175,756,333,1,1265,3300,455,1375,219,0,2049,173,730,314,1,1218,3267
2,Peach,Claude,935,632,67.59 %,224,248,35,0,507,32,60,32,0,124,631,224,248,35,0,507,33,60,29,0,122,629,223,242,35,0,500,33,63,30,0,126,626
3,Peach,Fort Valley 1,2727,1491,54.68 %,157,336,74,0,567,209,475,234,0,918,1485,155,337,72,0,564,212,475,236,0,923,1487,158,334,78,0,570,204,471,222,0,897,1467
4,Peach,Fort Valley 2,2738,1451,52.99 %,139,288,54,1,482,214,517,235,2,968,1450,140,287,54,1,482,213,517,235,2,967,1449,141,284,55,1,481,207,507,228,2,944,1425
5,Peach,Fort Valley 3,2782,1453,52.23 %,49,147,33,0,229,238,592,390,1,1221,1450,50,145,33,0,228,238,595,389,1,1223,1451,54,144,34,0,232,233,585,387,1,1206,1438
6,Peach,Powersville,1397,942,67.43 %,225,377,67,0,669,46,152,74,0,272,941,223,377,67,0,667,48,152,74,0,274,941,226,374,69,0,669,44,149,71,0,264,933
0,Pickens,Yellow Creek,3584,2500,69.75 %,887,782,300,1,1970,111,154,263,0,528,2498,881,771,298,1,1951,118,161,265,0,544,2495,876,777,305,1,1959,109,140,241,0,490,2449
1,Pickens,Sharptop,2618,1937,73.99 %,639,587,279,0,1505,94,127,208,0,429,1934,637,580,276,0,1493,95,131,211,0,437,1930,634,583,287,0,1504,93,123,191,0,407,1911
2,Pickens,Appalachian,1936,1248,64.46 %,484,411,128,0,1023,64,72,87,0,223,1246,485,412,125,0,1022,62,73,90,0,225,1247,489,408,129,0,1026,53,70,81,0,204,1230
3,Pickens,Refuge,2492,1551,62.24 %,692,495,151,1,1339,56,67,83,0,206,1545,685,495,150,1,1331,63,71,84,0,218,1549,680,491,157,1,1329,61,66,73,0,200,1529
4,Pickens,Hill,2043,1340,65.59 %,594,377,150,0,1121,65,48,105,0,218,1339,589,374,149,0,1112,71,51,105,0,227,1339,592,375,150,0,1117,63,46,100,0,209,1326
5,Pickens,Hinton,829,526,63.45 %,362,67,35,0,464,32,11,19,0,62,526,361,67,35,0,463,32,11,19,0,62,525,357,67,36,0,460,29,11,17,0,57,517
6,Pickens,Jerusalem,1154,772,66.90 %,540,108,36,0,684,42,10,36,0,88,772,536,108,34,0,678,44,10,38,0,92,770,543,107,36,0,686,33,10,35,0,78,764
7,Pickens,Ludville,723,414,57.26 %,290,63,17,0,370,18,7,15,0,40,410,293,63,15,0,371,19,7,17,0,43,414,287,63,18,0,368,17,6,14,0,37,405
8,Pickens,Nelson,1479,905,61.19 %,501,172,79,0,752,60,36,56,0,152,904,500,172,79,0,751,60,37,56,0,153,904,503,172,78,0,753,53,31,55,0,139,892
9,Pickens,Talking Rock,1791,1084,60.52 %,524,310,133,0,967,36,37,43,0,116,1083,520,309,134,0,963,38,39,42,0,119,1082,511,306,129,0,946,37,35,43,0,115,1061
10,Pickens,Jasper,2510,1286,51.24 %,459,390,137,0,986,99,91,108,0,298,1284,462,387,136,0,985,97,94,108,0,299,1284,460,383,139,0,982,93,90,105,0,288,1270
11,Pickens,Tate,2650,1609,60.72 %,760,496,164,0,1420,47,64,77,0,188,1608,756,494,162,0,1412,50,64,79,0,193,1605,756,494,163,0,1413,48,59,72,0,179,1592
0,Pierce,Hacklebarney-Cason,3598,2130,59.20 %,511,1032,164,0,1707,67,226,123,0,416,2123,511,1036,161,0,1708,68,223,125,0,416,2124,507,1035,160,0,1702,66,217,121,0,404,2106
1,Pierce,Blackshear,3284,1929,58.74 %,578,965,182,0,1725,38,111,50,0,199,1924,581,965,180,0,1726,35,111,52,0,198,1924,577,960,181,0,1718,33,105,49,0,187,1905
2,Pierce,St Johns-Blackshear,1631,1037,63.58 %,301,561,93,0,955,10,48,24,0,82,1037,301,562,93,0,956,10,45,24,0,79,1035,298,555,94,0,947,10,47,21,0,78,1025
3,Pierce,Otter Creek,1431,903,63.10 %,298,444,87,0,829,13,36,23,0,72,901,297,443,88,0,828,13,37,22,0,72,900,294,443,88,0,825,12,36,21,0,69,894
4,Pierce,Patterson,1329,824,62.00 %,286,372,46,0,704,37,45,36,0,118,822,288,373,46,0,707,36,45,34,0,115,822,284,369,45,0,698,35,43,36,0,114,812
5,Pierce,Mershon,480,323,67.29 %,87,180,35,0,302,2,11,6,0,19,321,87,181,35,0,303,2,10,6,0,18,321,86,178,35,0,299,2,11,6,0,19,318
6,Pierce,Alabaha,945,594,62.86 %,165,340,39,0,544,12,20,17,0,49,593,166,340,40,0,546,11,21,16,0,48,594,164,331,42,0,537,10,23,12,0,45,582
7,Pierce,Sunset-Sweat,273,207,75.82 %,61,114,31,0,206,1,0,0,0,1,207,61,114,31,0,206,1,0,0,0,1,207,61,112,31,0,204,1,0,0,0,1,205
0,Pike,Concord,1504,1017,67.62 %,403,331,66,3,803,59,59,95,0,213,1016,405,331,66,3,805,58,59,95,0,212,1017,406,330,66,2,804,56,56,90,0,202,1006
1,Pike,Hollonville,1778,1267,71.26 %,501,556,102,0,1159,19,40,48,0,107,1266,501,558,99,0,1158,18,39,49,0,106,1264,502,557,101,0,1160,16,36,43,0,95,1255
2,Pike,Meansville,1333,919,68.94 %,363,395,62,1,821,32,42,23,0,97,918,360,395,62,1,818,34,41,23,0,98,916,364,395,61,1,821,27,41,23,0,91,912
3,Pike,Molena,1567,1067,68.09 %,449,378,67,0,894,66,58,49,0,173,1067,448,378,66,0,892,67,58,50,0,175,1067,450,380,66,0,896,61,55,46,0,162,1058
4,Pike,Second District,2621,1866,71.19 %,586,905,160,2,1653,44,97,70,1,212,1865,583,901,158,2,1644,46,100,71,1,218,1862,585,897,160,2,1644,43,96,65,1,205,1849
5,Pike,Lifsey Springs,1141,779,68.27 %,285,315,71,2,673,30,38,37,0,105,778,282,316,71,2,671,31,37,37,0,105,776,287,314,69,2,672,25,35,36,0,96,768
6,Pike,Williamson,1832,1272,69.43 %,463,582,83,1,1129,38,58,45,0,141,1270,459,580,82,1,1122,41,60,47,0,148,1270,459,585,83,1,1128,37,52,41,0,130,1258
7,Pike,Zebulon,2215,1462,66.00 %,421,601,111,1,1134,47,152,125,0,324,1458,418,603,109,1,1131,51,151,127,0,329,1460,421,602,108,1,1132,45,148,125,0,318,1450
0,Polk,Aragon,0,1979,0.00 %,636,839,144,0,1619,83,163,113,0,359,1978,638,834,146,0,1618,81,167,111,0,359,1977,635,832,143,0,1610,77,158,106,0,341,1951
1,Polk,Blooming Grove,0,992,0.00 %,338,401,78,1,818,39,91,42,0,172,990,337,400,79,1,817,39,94,41,0,174,991,336,386,76,1,799,38,101,40,0,179,978
2,Polk,Cedartown,0,3571,0.00 %,602,1381,394,0,2377,257,566,363,0,1186,3563,601,1374,387,0,2362,258,574,370,0,1202,3564,597,1367,388,0,2352,253,558,346,0,1157,3509
3,Polk,Fish Creek,0,1651,0.00 %,506,754,128,1,1389,52,124,83,0,259,1648,506,759,125,1,1391,50,121,85,0,256,1647,502,758,129,1,1390,50,115,78,0,243,1633
4,Polk,Lake Creek,0,1925,0.00 %,535,962,137,0,1634,74,140,73,0,287,1921,533,963,138,0,1634,75,139,73,0,287,1921,532,958,136,0,1626,75,129,62,0,266,1892
5,Polk,Rockmart,0,3536,0.00 %,792,1587,248,2,2629,218,457,223,0,898,3527,784,1589,247,2,2622,224,454,226,0,904,3526,795,1575,240,2,2612,204,458,221,0,883,3495
6,Polk,Youngs Grove,0,1225,0.00 %,399,568,113,0,1080,34,65,45,0,144,1224,400,569,112,0,1081,33,64,46,0,143,1224,400,550,110,0,1060,32,75,44,0,151,1211
0,Pulaski,Courthouse Annex,5822,3694,63.45 %,642,1682,240,0,2564,229,606,283,0,1118,3682,636,1668,239,0,2543,234,620,284,0,1138,3681,636,1670,237,0,2543,220,570,265,0,1055,3598
0,Putnam,101,3311,2025,61.16 %,272,656,172,0,1100,172,426,319,0,917,2017,268,653,174,0,1095,177,428,317,0,922,2017,272,649,173,0,1094,171,415,313,0,899,1993
1,Putnam,104,3414,2100,61.51 %,273,572,193,0,1038,203,489,368,0,1060,2098,270,574,190,0,1034,204,489,370,0,1063,2097,277,580,188,0,1045,197,463,362,0,1022,2067
2,Putnam,105,3793,2907,76.64 %,602,1305,500,0,2407,83,172,242,1,498,2905,606,1294,491,0,2391,81,183,250,1,515,2906,601,1302,503,1,2407,77,165,226,0,468,2875
3,Putnam,106,1358,926,68.19 %,298,363,109,1,771,36,50,67,0,153,924,299,360,108,1,768,36,51,67,0,154,922,298,359,111,1,769,33,45,59,0,137,906
4,Putnam,107,4388,2894,65.95 %,718,1190,452,0,2360,87,179,266,0,532,2892,717,1187,446,0,2350,88,181,272,0,541,2891,723,1196,447,0,2366,75,167,249,0,491,2857
0,Quitman,Georgetown,1651,953,57.72 %,150,298,66,0,514,167,154,114,0,435,949,152,296,66,0,514,167,155,114,0,436,950,142,284,64,0,490,162,158,108,0,428,918
1,Quitman,Morris,96,62,64.58 %,20,8,6,0,34,19,2,7,0,28,62,20,8,6,0,34,19,2,7,0,28,62,16,8,6,0,30,19,2,6,0,27,57
0,Rabun,Rabun County,13279,8428,63.47 %,1378,3813,1427,0,6618,229,759,801,0,1789,8407,1373,3785,1408,0,6566,237,784,814,0,1835,8401,1388,3817,1436,0,6641,216,717,732,0,1665,8306
0,Randolph,Coleman,235,171,72.77 %,31,46,14,0,91,32,31,15,0,78,169,31,46,14,0,91,32,31,15,0,78,169,31,46,14,0,91,32,31,15,0,78,169
1,Randolph,Shellman,929,649,69.86 %,159,127,41,0,327,131,83,106,0,320,647,160,125,41,0,326,132,84,106,0,322,648,160,127,41,0,328,128,83,103,0,314,642
2,Randolph,Benevolence,355,246,69.30 %,67,91,13,0,171,33,31,11,0,75,246,68,91,13,0,172,32,31,11,0,74,246,65,92,14,0,171,33,30,10,0,73,244
3,Randolph,Cuthbert-Courthouse,2299,1508,65.59 %,151,411,79,1,642,143,478,241,0,862,1504,151,409,79,1,640,144,482,241,0,867,1507,152,416,78,1,647,143,463,238,0,844,1491
4,Randolph,Cuthbert,340,227,66.76 %,4,3,2,0,9,49,127,41,0,217,226,4,4,1,0,9,49,127,42,0,218,227,3,5,2,0,10,49,124,41,0,214,224
5,Randolph,Springvale,257,170,66.15 %,20,23,7,0,50,23,57,40,0,120,170,20,24,7,0,51,23,56,40,0,119,170,19,24,8,0,51,23,52,37,0,112,163
0,Richmond,101,928,592,63.79 %,145,83,48,0,276,94,124,98,0,316,592,144,83,48,0,275,95,124,98,0,317,592,147,88,48,0,283,86,119,92,0,297,580
1,Richmond,102,1357,571,42.08 %,52,54,31,0,137,120,146,163,0,429,566,51,55,28,0,134,122,145,168,0,435,569,48,56,33,0,137,123,140,161,0,424,561
2,Richmond,103,1462,661,45.21 %,3,7,5,0,15,152,249,240,2,643,658,3,7,3,0,13,152,248,244,2,646,659,3,6,8,0,17,151,249,236,2,638,655
3,Richmond,104,3081,1493,48.46 %,19,32,26,0,77,418,488,496,4,1406,1483,20,35,22,0,77,418,487,501,4,1410,1487,26,38,27,0,91,411,473,488,4,1376,1467
4,Richmond,105,849,515,60.66 %,10,8,5,0,23,142,179,170,1,492,515,11,8,5,0,24,140,179,170,1,490,514,12,11,9,0,32,139,174,163,1,477,509
5,Richmond,106,1232,420,34.09 %,55,21,25,0,101,129,77,108,0,314,415,52,21,24,0,97,130,77,109,0,316,413,57,21,20,0,98,126,76,108,0,310,408
6,Richmond,107,1850,1219,65.89 %,255,193,110,1,559,167,232,258,1,658,1217,254,194,107,1,556,167,232,260,1,660,1216,258,200,109,1,568,159,223,249,1,632,1200
7,Richmond,108,535,301,56.26 %,17,7,9,0,33,58,97,111,0,266,299,17,7,8,0,32,58,97,112,0,267,299,19,9,8,0,36,56,93,107,0,256,292
8,Richmond,109,1107,556,50.23 %,37,40,22,0,99,110,191,154,1,456,555,32,35,22,0,89,115,196,154,1,466,555,36,36,27,0,99,111,193,148,1,453,552
9,Richmond,111,1639,751,45.82 %,60,57,29,0,146,163,217,224,1,605,751,60,58,31,0,149,163,216,222,1,602,751,60,61,33,0,154,160,210,212,1,583,737
10,Richmond,112,928,473,50.97 %,22,76,67,0,165,45,125,137,0,307,472,22,77,69,0,168,45,125,133,0,303,471,24,78,65,0,167,42,121,130,0,293,460
11,Richmond,114,887,396,44.64 %,20,9,13,0,42,104,129,118,2,353,395,20,8,13,0,41,105,130,118,2,355,396,20,9,13,0,42,102,129,118,2,351,393
12,Richmond,201,1407,697,49.54 %,7,5,5,0,17,245,224,208,1,678,695,7,4,5,1,17,245,225,209,0,679,696,8,7,7,0,22,242,221,201,1,665,687
13,Richmond,115,600,217,36.17 %,46,25,18,1,90,50,29,48,0,127,217,47,25,19,1,92,49,29,47,0,125,217,46,25,20,1,92,48,29,45,0,122,214
14,Richmond,202,4683,2186,46.68 %,255,191,161,0,607,473,633,461,7,1574,2181,248,192,163,0,603,482,632,457,7,1578,2181,252,188,163,1,604,465,628,450,5,1548,2152
15,Richmond,203,1029,484,47.04 %,2,5,1,0,8,162,139,172,2,475,483,2,3,2,0,7,163,141,171,2,477,484,3,4,1,0,8,160,137,165,2,464,472
16,Richmond,204,1623,965,59.46 %,216,159,87,0,462,122,234,145,1,502,964,217,161,87,0,465,121,232,145,1,499,964,223,162,86,0,471,114,225,144,1,484,955
17,Richmond,207,2778,1220,43.92 %,45,37,32,0,114,337,399,362,1,1099,1213,45,36,32,0,113,336,403,364,1,1104,1217,47,41,37,0,125,327,388,356,1,1072,1197
18,Richmond,208,2755,1258,45.66 %,79,67,37,1,184,320,409,341,2,1072,1256,78,66,34,1,179,321,410,343,2,1076,1255,80,70,36,1,187,315,399,336,2,1052,1239
19,Richmond,210,1560,870,55.77 %,43,38,29,0,110,155,287,314,1,757,867,41,37,30,0,108,158,288,314,1,761,869,40,40,31,0,111,156,284,310,1,751,862
20,Richmond,301,2445,1839,75.21 %,499,470,201,1,1171,160,246,258,2,666,1837,490,470,196,1,1157,169,246,263,2,680,1837,501,476,209,1,1187,152,235,237,2,626,1813
21,Richmond,302,1130,516,45.66 %,38,54,33,0,125,127,169,91,1,388,513,40,54,33,0,127,126,170,92,1,389,516,41,60,34,0,135,125,162,86,1,374,509
22,Richmond,303,1449,1144,78.95 %,327,376,130,0,833,55,137,117,0,309,1142,330,377,128,0,835,53,136,118,0,307,1142,329,388,125,0,842,45,120,107,0,272,1114
23,Richmond,304,378,264,69.84 %,71,60,30,1,162,16,54,32,0,102,264,72,61,30,1,164,15,53,32,0,100,264,73,63,29,1,166,13,50,31,0,94,260
24,Richmond,305,428,381,89.02 %,88,146,66,0,300,10,34,37,0,81,381,89,146,65,0,300,8,34,36,0,78,378,90,148,61,0,299,6,30,35,0,71,370
25,Richmond,306,4071,2254,55.37 %,274,269,197,0,740,343,668,501,1,1513,2253,273,265,196,0,734,344,669,502,1,1516,2250,268,270,197,0,735,341,659,487,1,1488,2223
26,Richmond,307,1689,1113,65.90 %,284,297,125,0,706,82,139,182,0,403,1109,284,295,125,0,704,82,144,182,0,408,1112,294,307,138,0,739,70,126,161,0,357,1096
27,Richmond,308,655,316,48.24 %,33,51,29,0,113,58,90,54,0,202,315,33,52,29,0,114,58,89,55,0,202,316,33,56,30,0,119,57,85,51,0,193,312
28,Richmond,309,3418,2236,65.42 %,101,69,63,0,233,370,1019,611,3,2003,2236,102,72,60,0,234,369,1016,612,3,2000,2234,98,72,65,0,235,372,1012,602,3,1989,2224
29,Richmond,310,5306,3245,61.16 %,290,241,109,3,643,529,1190,878,1,2598,3241,293,241,107,3,644,526,1189,879,2,2596,3240,289,252,118,4,663,522,1171,859,1,2553,3216
30,Richmond,401,2145,1387,64.66 %,28,24,16,0,68,273,627,418,0,1318,1386,27,22,15,0,64,274,629,419,0,1322,1386,30,23,17,0,70,268,625,412,0,1305,1375
31,Richmond,402,3451,1441,41.76 %,55,40,35,0,130,399,422,483,2,1306,1436,54,39,36,0,129,400,423,486,2,1311,1440,61,43,41,0,145,391,409,474,2,1276,1421
32,Richmond,404,1826,1024,56.08 %,39,32,40,0,111,235,384,291,1,911,1022,39,33,38,0,110,235,384,294,1,914,1024,41,34,43,0,118,231,379,287,1,898,1016
33,Richmond,405,4510,2973,65.92 %,75,91,61,0,227,418,1319,999,4,2740,2967,73,88,63,0,224,421,1324,998,4,2747,2971,68,101,61,0,230,421,1299,984,4,2708,2938
34,Richmond,406,3312,2177,65.73 %,61,54,45,1,161,402,917,693,4,2016,2177,62,52,45,1,160,400,917,693,4,2014,2174,60,60,49,0,169,402,905,678,4,1989,2158
35,Richmond,501,3613,1897,52.50 %,68,68,63,0,199,386,646,658,4,1694,1893,64,68,64,0,196,390,648,659,4,1701,1897,69,75,64,0,208,377,632,638,4,1651,1859
36,Richmond,502,4250,2306,54.26 %,68,80,39,0,187,562,807,743,3,2115,2302,66,81,36,0,183,564,806,747,3,2120,2303,68,82,42,0,192,561,800,732,3,2096,2288
37,Richmond,503,4134,2148,51.96 %,100,123,73,0,296,424,757,666,1,1848,2144,93,122,70,0,285,432,757,670,1,1860,2145,97,125,80,0,302,421,743,651,1,1816,2118
38,Richmond,504,2434,1110,45.60 %,129,76,64,1,270,267,326,242,2,837,1107,127,76,62,1,266,270,326,245,2,843,1109,129,76,65,1,271,261,322,235,2,820,1091
39,Richmond,506,429,191,44.52 %,24,27,9,0,60,44,48,39,0,131,191,24,27,8,0,59,44,48,40,0,132,191,24,27,7,0,58,43,47,41,0,131,189
40,Richmond,507,1028,570,55.45 %,63,36,24,0,123,154,168,123,0,445,568,64,37,26,0,127,153,167,123,0,443,570,68,40,25,0,133,149,163,118,0,430,563
41,Richmond,509,2227,1273,57.16 %,50,53,46,0,149,223,529,371,0,1123,1272,49,51,47,0,147,225,531,370,0,1126,1273,46,57,48,0,151,223,522,365,0,1110,1261
42,Richmond,601,4126,1946,47.16 %,191,159,95,0,445,352,666,470,10,1498,1943,188,160,93,0,441,355,665,473,10,1503,1944,189,165,92,0,446,347,655,471,10,1483,1929
43,Richmond,603,3670,2009,54.74 %,497,245,193,0,935,316,403,348,0,1067,2002,492,248,194,0,934,323,403,347,0,1073,2007,500,247,187,0,934,305,399,342,0,1046,1980
44,Richmond,604,1854,944,50.92 %,158,72,49,1,280,185,282,197,0,664,944,153,71,46,1,271,190,282,199,0,671,942,157,73,50,1,281,183,276,192,0,651,932
45,Richmond,605,4017,1990,49.54 %,252,225,161,0,638,349,500,497,3,1349,1987,255,228,162,0,645,348,497,497,3,1345,1990,245,223,165,0,633,355,497,477,2,1331,1964
46,Richmond,607,1850,1136,61.41 %,32,19,17,0,68,217,496,353,0,1066,1134,29,19,16,0,64,221,495,354,0,1070,1134,28,26,16,0,70,219,481,350,0,1050,1120
47,Richmond,608,1515,915,60.40 %,316,167,51,0,534,78,195,102,3,378,912,319,167,51,0,537,78,195,100,3,376,913,318,169,54,0,541,73,193,94,3,363,904
48,Richmond,701,2419,1700,70.28 %,441,425,206,0,1072,137,234,255,1,627,1699,435,423,203,0,1061,143,236,257,1,637,1698,445,430,214,0,1089,126,224,237,1,588,1677
49,Richmond,702,1977,1195,60.45 %,394,266,69,0,729,148,203,113,0,464,1193,391,266,69,0,726,151,203,113,0,467,1193,395,272,70,0,737,141,189,104,0,434,1171
50,Richmond,703,4800,2455,51.15 %,454,436,143,0,1033,380,621,419,2,1422,2455,450,432,141,0,1023,383,624,421,2,1430,2453,458,440,146,0,1044,364,610,404,2,1380,2424
51,Richmond,705,2374,1559,65.67 %,336,391,164,0,891,167,288,206,3,664,1555,333,389,165,1,888,171,292,205,2,670,1558,331,395,168,0,894,169,281,193,2,645,1539
52,Richmond,706,3363,2175,64.67 %,386,705,242,0,1333,138,371,331,0,840,2173,381,697,241,0,1319,143,379,332,0,854,2173,393,714,234,0,1341,129,357,327,0,813,2154
53,Richmond,707,2213,1170,52.87 %,185,165,65,1,416,242,315,192,4,753,1169,178,163,67,1,409,248,317,191,4,760,1169,182,167,72,1,422,243,308,181,4,736,1158
54,Richmond,708,313,223,71.25 %,33,90,29,0,152,12,40,19,0,71,223,33,90,30,0,153,12,40,18,0,70,223,34,89,28,0,151,11,39,19,0,69,220
55,Richmond,709,585,380,64.96 %,72,80,33,1,186,46,70,77,1,194,380,72,81,34,0,187,46,68,76,2,192,379,75,81,35,0,191,41,68,72,2,183,374
56,Richmond,801,532,316,59.40 %,166,21,27,0,214,28,22,51,0,101,315,166,21,26,0,213,29,22,52,0,103,316,162,21,25,0,208,27,22,51,0,100,308
57,Richmond,801B,537,307,57.17 %,187,14,24,0,225,29,16,35,0,80,305,185,14,23,0,222,30,16,35,0,81,303,182,14,21,0,217,31,16,35,0,82,299
58,Richmond,802,3326,1775,53.37 %,751,236,141,1,1129,163,240,237,1,641,1770,750,235,142,1,1128,167,240,236,1,644,1772,756,235,147,1,1139,155,238,228,1,622,1761
59,Richmond,803,272,86,31.62 %,12,9,2,0,23,14,26,22,1,63,86,10,9,2,0,21,16,26,22,1,65,86,12,9,4,0,25,14,25,20,1,60,85
60,Richmond,804,2159,1184,54.84 %,248,167,63,1,479,159,340,206,0,705,1184,250,170,63,1,484,157,337,205,0,699,1183,253,166,60,1,480,152,337,207,0,696,1176
61,Richmond,804H,2908,1784,61.35 %,473,274,132,0,879,223,387,293,0,903,1782,479,272,125,0,876,218,390,299,0,907,1783,472,273,129,0,874,215,382,291,0,888,1762
62,Richmond,805,819,495,60.44 %,74,60,16,0,150,77,168,98,1,344,494,74,58,16,0,148,77,170,98,1,346,494,75,59,16,0,150,76,167,96,1,340,490
63,Richmond,806,1236,748,60.52 %,273,118,59,0,450,93,112,92,0,297,747,275,117,59,0,451,92,113,92,0,297,748,273,118,57,0,448,90,111,93,0,294,742
64,Richmond,807,1625,810,49.85 %,98,53,41,0,192,143,261,210,3,617,809,95,51,37,0,183,147,261,214,3,625,808,97,52,41,0,190,145,255,207,3,610,800
65,Richmond,808,2420,1534,63.39 %,385,247,106,0,738,211,313,271,0,795,1533,385,247,108,0,740,210,313,269,0,792,1532,390,247,108,0,745,203,312,263,0,778,1523
66,Richmond,809,896,599,66.85 %,16,14,5,0,35,106,294,163,0,563,598,16,13,5,0,34,107,295,163,0,565,599,17,15,7,0,39,105,291,160,0,556,595
67,Richmond,810,439,287,65.38 %,79,59,24,0,162,18,60,45,1,124,286,80,59,24,0,163,18,60,45,1,124,287,78,58,23,0,159,18,59,46,1,124,283
0,Rockdale,BA,4859,3230,66.47 %,387,527,206,0,1120,385,1120,600,4,2109,3229,382,526,204,0,1112,390,1122,600,4,2116,3228,390,542,200,0,1132,376,1100,585,4,2065,3197
1,Rockdale,BT,4079,2466,60.46 %,632,538,269,3,1442,217,439,365,0,1021,2463,632,531,267,3,1433,217,445,368,0,1030,2463,636,540,278,2,1456,209,433,349,0,991,2447
2,Rockdale,CO,3960,1964,49.60 %,136,154,86,3,379,377,781,421,1,1580,1959,138,149,84,3,374,376,786,424,1,1587,1961,138,153,86,3,380,374,777,415,1,1567,1947
3,Rockdale,FI,6419,3965,61.77 %,119,241,111,1,472,554,1901,1031,2,3488,3960,116,242,111,1,470,557,1901,1034,2,3494,3964,114,240,120,1,475,553,1887,1010,2,3452,3927
4,Rockdale,FS,4070,2523,61.99 %,109,243,133,0,485,340,1086,603,0,2029,2514,111,240,132,0,483,340,1091,606,0,2037,2520,112,260,147,0,519,335,1061,582,0,1978,2497
5,Rockdale,HC,2443,1647,67.42 %,251,331,131,0,713,216,440,277,1,934,1647,246,329,130,0,705,221,442,277,1,941,1646,257,330,135,0,722,205,432,270,1,908,1630
6,Rockdale,HI,3595,2274,63.25 %,208,354,142,2,706,272,833,458,1,1564,2270,209,351,142,2,704,271,836,459,1,1567,2271,208,361,148,2,719,267,820,441,1,1529,2248
7,Rockdale,LA,2052,1074,52.34 %,106,119,73,0,298,154,331,288,0,773,1071,102,119,75,0,296,160,331,284,0,775,1071,101,119,78,0,298,158,327,276,0,761,1059
8,Rockdale,LO,3982,2836,71.22 %,485,393,224,1,1103,296,904,529,1,1730,2833,479,398,221,1,1099,303,899,532,1,1735,2834,491,402,235,1,1129,283,885,508,1,1677,2806
9,Rockdale,MA,3224,2025,62.81 %,328,372,172,0,872,246,539,368,0,1153,2025,322,369,172,0,863,252,542,368,0,1162,2025,332,373,173,0,878,235,532,355,0,1122,2000
10,Rockdale,MI,4288,2362,55.08 %,139,198,102,0,439,349,1002,563,3,1917,2356,140,198,98,0,436,348,1003,568,3,1922,2358,139,202,104,0,445,347,990,554,3,1894,2339
11,Rockdale,OT,6231,3239,51.98 %,89,163,132,1,385,621,1432,793,4,2850,3235,89,161,131,1,382,620,1436,793,4,2853,3235,99,175,132,1,407,606,1416,774,3,2799,3206
12,Rockdale,RO,4732,2954,62.43 %,199,360,168,2,729,412,1159,651,2,2224,2953,190,357,168,1,716,420,1162,649,3,2234,2950,196,365,165,0,726,408,1146,644,4,2202,2928
13,Rockdale,SM,4348,2899,66.67 %,179,352,147,0,678,334,1264,614,3,2215,2893,177,347,146,0,670,337,1267,614,3,2221,2891,178,365,153,0,696,332,1238,598,2,2170,2866
14,Rockdale,SP,4855,3146,64.80 %,145,339,167,0,651,426,1431,630,4,2491,3142,146,335,167,0,648,426,1434,631,4,2495,3143,153,341,173,0,667,416,1423,610,4,2453,3120
15,Rockdale,ST,3389,2159,63.71 %,181,391,198,2,772,176,739,467,3,1385,2157,181,389,199,2,771,176,741,466,3,1386,2157,189,402,199,2,792,166,723,450,3,1342,2134
0,Schley,Precinct One,2952,2060,69.78 %,495,1002,126,0,1623,93,190,152,0,435,2058,493,998,127,0,1618,94,193,151,0,438,2056,494,988,132,0,1614,86,180,137,0,403,2017
0,Screven,Sylvania,1260,717,56.90 %,118,190,80,0,388,51,167,109,0,327,715,118,188,80,0,386,51,169,109,0,329,715,116,183,79,0,378,48,163,105,0,316,694
1,Screven,Hunters,502,313,62.35 %,94,66,29,0,189,20,53,49,1,123,312,94,67,29,0,190,20,53,49,1,123,313,92,65,29,0,186,20,52,48,1,121,307
2,Screven,Newington,1142,668,58.49 %,267,146,31,0,444,77,75,68,1,221,665,267,146,31,0,444,78,75,68,1,222,666,268,143,32,0,443,75,75,64,1,215,658
3,Screven,Jenk Hill Fire Sta,1230,740,60.16 %,127,182,50,0,359,98,186,94,0,378,737,129,179,52,0,360,97,190,92,0,379,739,129,179,50,0,358,94,179,89,0,362,720
4,Screven,Rocky Ford,530,358,67.55 %,140,97,32,0,269,30,23,32,0,85,354,140,97,32,0,269,30,24,32,0,86,355,140,97,30,0,267,27,24,31,0,82,349
5,Screven,Bay Branch,975,641,65.74 %,230,267,47,3,547,24,43,25,0,92,639,228,266,48,3,545,25,44,24,0,93,638,232,265,48,3,548,23,40,22,0,85,633
6,Screven,Hiltonia,1229,539,43.86 %,120,140,24,0,284,74,103,74,0,251,535,119,140,24,0,283,76,104,75,0,255,538,118,138,24,0,280,76,100,75,0,251,531
7,Screven,Screven Rec Dept,436,260,59.63 %,50,52,15,0,117,39,59,45,0,143,260,50,52,13,0,115,39,58,44,0,141,256,49,51,13,0,113,37,58,43,0,138,251
8,Screven,Greenhill Church,906,569,62.80 %,192,187,44,0,423,34,45,66,0,145,568,192,186,45,0,423,34,46,65,0,145,568,195,181,47,0,423,29,42,59,0,130,553
9,Screven,Sr Citizens Center,1245,706,56.71 %,72,138,36,0,246,129,244,85,0,458,704,71,133,36,0,240,130,250,85,0,465,705,68,142,34,0,244,127,238,83,0,448,692
10,Screven,Jackson Fire Station,397,267,67.25 %,114,62,19,0,195,14,18,39,0,71,266,113,62,18,0,193,14,19,40,0,73,266,117,64,18,0,199,11,16,39,0,66,265
11,Screven,Cooperville Fire Station,281,164,58.36 %,23,20,5,0,48,27,52,34,1,114,162,23,20,5,0,48,27,53,35,1,116,164,24,20,5,0,49,26,51,33,1,111,160
0,Seminole,Precinct 1,1311,816,62.24 %,288,277,52,0,617,45,96,54,0,195,812,288,276,52,0,616,47,96,53,0,196,812,284,278,54,0,616,45,88,52,0,185,801
1,Seminole,Precinct 2,1140,667,58.51 %,169,225,36,0,430,55,132,46,0,233,663,170,228,35,0,433,54,131,47,0,232,665,170,226,37,0,433,50,131,40,0,221,654
2,Seminole,Precinct 3,1186,552,46.54 %,29,39,2,0,70,170,229,81,1,481,551,29,37,2,0,68,170,232,81,1,484,552,32,35,3,0,70,159,223,77,1,460,530
3,Seminole,Precinct 4,1134,699,61.64 %,314,201,34,0,549,57,64,26,0,147,696,315,202,34,0,551,57,62,26,0,145,696,311,203,34,0,548,54,56,26,0,136,684
4,Seminole,Precinct 5,1252,778,62.14 %,394,231,60,0,685,26,32,33,0,91,776,394,234,60,0,688,25,29,33,0,87,775,399,227,58,0,684,18,31,32,0,81,765
0,Spalding,01,2368,855,36.11 %,36,31,17,1,85,249,277,240,2,768,853,34,31,16,1,82,251,276,240,2,769,851,41,32,19,1,93,242,270,233,2,747,840
1,Spalding,02,2020,850,42.08 %,24,29,9,2,64,241,279,264,1,785,849,23,29,8,2,62,242,279,264,1,786,848,25,29,10,2,66,236,274,259,1,770,836
2,Spalding,03,2828,1937,68.49 %,378,795,240,3,1416,110,232,175,0,517,1933,373,787,238,3,1401,112,238,176,0,526,1927,371,805,245,1,1422,105,215,156,0,476,1898
3,Spalding,05,3805,1858,48.83 %,182,407,157,0,746,299,476,332,2,1109,1855,172,403,158,0,733,309,482,330,2,1123,1856,177,404,153,0,734,301,471,324,2,1098,1832
4,Spalding,06,2518,1088,43.21 %,56,113,61,1,231,216,361,270,2,849,1080,53,113,61,1,228,220,362,274,2,858,1086,55,112,64,1,232,218,354,265,2,839,1071
5,Spalding,07,1745,1202,68.88 %,315,452,137,0,904,75,131,92,0,298,1202,315,446,137,0,898,75,134,92,0,301,1199,320,456,138,0,914,65,125,85,0,275,1189
6,Spalding,08,1813,1188,65.53 %,279,412,152,1,844,86,152,105,0,343,1187,278,410,153,1,842,87,153,104,0,344,1186,281,408,155,1,845,83,151,97,0,331,1176
7,Spalding,09,1998,1146,57.36 %,397,420,127,3,947,49,78,69,0,196,1143,395,420,126,3,944,51,78,70,0,199,1143,395,416,126,3,940,45,77,66,0,188,1128
8,Spalding,10,2043,1276,62.46 %,309,360,117,1,787,122,225,141,0,488,1275,311,357,114,1,783,120,229,143,0,492,1275,313,355,115,1,784,114,221,138,0,473,1257
9,Spalding,11,2576,1679,65.18 %,441,523,121,0,1085,142,264,182,1,589,1674,437,524,123,0,1084,145,265,181,1,592,1676,444,521,127,0,1092,133,262,168,1,564,1656
10,Spalding,12,2215,1437,64.88 %,491,507,172,0,1170,59,105,98,0,262,1432,489,508,174,0,1171,61,105,97,0,263,1434,491,498,177,0,1166,58,107,89,0,254,1420
11,Spalding,13,2635,1465,55.60 %,565,501,172,0,1238,59,93,74,0,226,1464,562,498,171,0,1231,62,95,75,0,232,1463,565,500,167,0,1232,57,91,72,0,220,1452
12,Spalding,14,2060,1014,49.22 %,359,240,87,3,689,120,103,100,0,323,1012,360,239,90,3,692,120,104,97,0,321,1013,356,240,85,3,684,120,99,100,0,319,1003
13,Spalding,16,4718,2344,49.68 %,204,318,141,0,663,316,771,584,1,1672,2335,206,317,142,0,665,315,774,585,1,1675,2340,204,320,136,0,660,309,753,582,1,1645,2305
14,Spalding,17,2083,1022,49.06 %,281,279,83,2,645,94,154,128,0,376,1021,277,279,82,2,640,99,154,129,0,382,1022,280,279,84,2,645,93,152,122,0,367,1012
15,Spalding,19,2733,1721,62.97 %,431,560,199,1,1191,139,233,156,0,528,1719,429,559,196,1,1185,142,234,158,0,534,1719,433,554,201,1,1189,137,231,150,0,518,1707
16,Spalding,20,2229,1324,59.40 %,445,525,133,1,1104,39,95,86,0,220,1324,446,525,132,1,1104,38,95,87,0,220,1324,447,524,129,1,1101,36,85,86,0,207,1308
17,Spalding,21,4828,3568,73.90 %,397,1192,557,2,2148,106,519,792,0,1417,3565,394,1185,546,2,2127,108,527,802,0,1437,3564,397,1186,562,2,2147,103,513,758,0,1374,3521
0,Stephens,Senior Center,0,10062,0.00 %,1797,5105,1077,0,7979,311,1085,662,0,2058,10037,1801,5098,1076,0,7975,307,1090,662,0,2059,10034,1803,5139,1082,0,8024,286,998,619,0,1903,9927
0,Stewart,Richland,1280,779,60.86 %,111,159,24,1,295,143,150,182,8,483,778,111,158,24,1,294,143,150,183,8,484,778,109,157,23,1,290,142,138,173,8,461,751
1,Stewart,Louvale,296,192,64.86 %,49,17,9,0,75,43,36,36,0,115,190,48,18,9,0,75,44,34,36,0,114,189,46,19,9,0,74,44,33,36,0,113,187
2,Stewart,Lumpkin,1145,709,61.92 %,51,176,20,0,247,92,258,104,0,454,701,51,177,19,0,247,91,257,106,2,456,703,55,173,18,0,246,84,247,97,1,429,675
3,Stewart,Omaha,214,134,62.62 %,52,14,4,0,70,36,16,11,0,63,133,52,14,4,0,70,36,16,11,0,63,133,51,13,4,0,68,35,14,10,0,59,127
0,Sumter,Agri-Center,2084,1319,63.29 %,213,467,91,1,772,89,240,217,0,546,1318,209,468,91,1,769,93,239,217,0,549,1318,209,460,87,1,757,92,243,217,0,552,1309
1,Sumter,Airport,1788,1276,71.36 %,206,403,93,0,702,88,298,187,0,573,1275,203,402,91,0,696,91,299,190,0,580,1276,206,403,90,0,699,87,292,185,0,564,1263
2,Sumter,Andersonville,445,301,67.64 %,167,43,16,0,226,31,21,23,0,75,301,168,43,16,0,227,29,21,23,0,73,300,171,44,14,0,229,26,20,24,0,70,299
3,Sumter,Browns Mill,943,668,70.84 %,171,240,28,1,440,42,100,83,1,226,666,171,240,28,1,440,43,101,83,1,228,668,168,234,28,1,431,43,102,83,1,229,660
4,Sumter,Concord,387,285,73.64 %,158,68,21,1,248,5,21,11,0,37,285,158,68,21,1,248,5,21,11,0,37,285,154,64,20,0,238,7,22,12,0,41,279
5,Sumter,GSW Conf Center,3087,1889,61.19 %,238,581,186,2,1007,161,466,254,1,882,1889,235,581,185,2,1003,164,466,255,1,886,1889,239,592,186,2,1019,158,449,243,1,851,1870
6,Sumter,Leslie,1710,1113,65.09 %,315,326,73,2,716,90,167,139,0,396,1112,314,323,71,2,710,91,169,139,0,399,1109,312,325,75,2,714,87,157,132,0,376,1090
7,Sumter,Plains,1071,704,65.73 %,172,135,45,0,352,128,105,116,0,349,701,172,134,45,0,351,128,106,116,0,350,701,174,127,46,0,347,124,107,114,0,345,692
8,Sumter,Rec Dept,2932,1575,53.72 %,53,164,31,4,252,257,579,481,0,1317,1569,54,163,32,4,253,257,580,484,0,1321,1574,60,171,33,2,266,245,556,471,0,1272,1538
9,Sumter,Reese Park,3110,1551,49.87 %,64,160,78,0,302,237,596,415,0,1248,1550,65,160,75,0,300,234,597,416,0,1247,1547,64,170,81,0,315,235,578,406,0,1219,1534
10,Sumter,Thompson,721,412,57.14 %,108,74,31,0,213,61,74,63,0,198,411,108,74,31,0,213,62,74,63,0,199,412,107,72,33,0,212,60,74,60,0,194,406
0,Talbot,ONeal,563,425,75.49 %,74,87,15,0,176,74,78,96,0,248,424,74,88,16,0,178,74,77,96,0,247,425,71,87,16,0,174,76,76,94,0,246,420
1,Talbot,Valley,691,526,76.12 %,99,112,41,0,252,81,77,115,0,273,525,98,113,41,0,252,82,75,115,0,272,524,98,110,41,0,249,78,75,112,0,265,514
2,Talbot,Junction City,451,271,60.09 %,46,37,18,0,101,54,30,85,0,169,270,45,37,17,0,99,55,30,85,0,170,269,46,39,22,0,107,51,27,77,0,155,262
3,Talbot,Geneva,484,329,67.98 %,58,62,14,0,134,50,46,99,0,195,329,58,62,14,0,134,50,46,99,0,195,329,58,62,14,0,134,50,45,94,0,189,323
4,Talbot,Talbotton,903,557,61.68 %,34,44,25,0,103,125,136,190,0,451,554,33,44,23,0,100,127,137,193,0,457,557,32,44,24,0,100,125,132,187,0,444,544
5,Talbot,Box Springs,479,326,68.06 %,135,46,14,0,195,45,29,57,0,131,326,134,46,14,0,194,45,29,57,0,131,325,137,46,12,0,195,43,29,57,0,129,324
6,Talbot,Flint Hill,1062,761,71.66 %,97,149,35,0,281,156,137,185,0,478,759,96,149,38,0,283,157,135,184,0,476,759,96,146,43,0,285,155,136,168,0,459,744
0,Taliaferro,Sharon,0,172,0.00 %,43,16,6,0,65,32,32,41,0,105,170,45,17,5,0,67,31,31,42,0,104,171,45,17,6,0,68,30,30,38,0,98,166
1,Taliaferro,Crawfordville,0,677,0.00 %,93,132,42,0,267,88,152,168,0,408,675,90,133,43,0,266,91,152,167,0,410,676,91,129,40,0,260,86,144,161,0,391,651
0,Tattnall,Cobbtown,782,463,59.21 %,212,108,47,1,368,35,30,29,1,95,463,215,109,48,1,373,32,29,28,1,90,463,216,107,43,0,366,28,31,26,1,86,452
1,Tattnall,Shiloh,1153,461,39.98 %,119,162,25,0,306,38,74,42,0,154,460,118,165,25,0,308,38,72,42,0,152,460,117,164,26,0,307,37,68,37,0,142,449
2,Tattnall,Collins,1527,926,60.64 %,327,306,68,0,701,57,95,70,0,222,923,327,307,67,0,701,58,94,70,0,222,923,325,309,71,0,705,54,84,64,0,202,907
3,Tattnall,Manassas,271,179,66.05 %,78,43,6,1,128,20,16,15,0,51,179,78,43,6,1,128,20,16,15,0,51,179,78,43,6,1,128,20,15,15,0,50,178
4,Tattnall,District II,2546,1395,54.79 %,279,542,95,1,917,114,262,98,1,475,1392,275,537,97,1,910,119,267,96,1,483,1393,275,536,97,1,909,114,243,94,1,452,1361
5,Tattnall,East Glennville,2560,1598,62.42 %,506,604,165,1,1276,98,139,84,0,321,1597,505,602,166,1,1274,98,141,83,0,322,1596,500,596,168,1,1265,97,139,80,0,316,1581
6,Tattnall,District IV,2545,1573,61.81 %,382,601,116,0,1099,128,206,136,1,471,1570,383,598,116,0,1097,126,209,136,1,472,1569,384,587,117,1,1089,122,197,131,0,450,1539
7,Tattnall,District V,1079,633,58.67 %,295,205,48,1,549,17,47,19,0,83,632,296,206,48,1,551,16,46,19,0,81,632,289,205,47,1,542,16,42,18,0,76,618
0,Taylor,Precinct 1,1127,636,56.43 %,29,50,7,0,86,181,236,125,4,546,632,29,50,6,0,85,181,238,127,4,550,635,30,59,11,0,100,175,222,122,3,522,622
1,Taylor,Precinct 5,2266,1445,63.77 %,345,738,109,3,1195,47,114,71,10,242,1437,347,739,111,3,1200,47,115,68,10,240,1440,342,732,108,3,1185,45,106,65,9,225,1410
2,Taylor,Precinct 6,2094,1399,66.81 %,314,420,103,0,837,141,196,225,0,562,1399,313,418,101,0,832,142,197,227,0,566,1398,312,413,108,0,833,139,195,216,0,550,1383
0,Telfair,Helena,999,577,57.76 %,144,200,26,0,370,66,91,48,1,206,576,145,197,27,0,369,63,94,47,1,205,574,140,193,26,0,359,63,81,48,1,193,552
1,Telfair,Jacksonville,637,403,63.27 %,172,97,41,0,310,36,23,32,0,91,401,170,97,41,0,308,37,23,32,0,92,400,164,91,41,0,296,36,22,31,0,89,385
2,Telfair,Lumber-City,971,640,65.91 %,183,134,31,0,348,55,32,203,0,290,638,181,135,30,0,346,58,32,203,0,293,639,184,129,30,0,343,53,32,202,0,287,630
3,Telfair,McRae,2394,1470,61.40 %,224,466,133,0,823,157,249,237,0,643,1466,225,467,132,0,824,154,249,238,0,641,1465,222,455,122,0,799,152,234,236,0,622,1421
4,Telfair,Milan,813,559,68.76 %,247,185,52,0,484,29,22,21,0,72,556,248,184,51,0,483,29,25,22,0,76,559,245,184,49,0,478,26,20,22,0,68,546
5,Telfair,Scotland,339,208,61.36 %,107,47,7,1,162,21,19,6,0,46,208,107,47,7,1,162,21,19,6,0,46,208,109,45,7,0,161,18,18,6,0,42,203
0,Terrell,Dawson,3071,1766,57.51 %,106,214,72,0,392,335,597,441,0,1373,1765,104,212,73,0,389,337,598,441,0,1376,1765,106,222,71,0,399,332,581,424,0,1337,1736
1,Terrell,Sasser,1366,900,65.89 %,255,303,53,0,611,78,129,81,0,288,899,253,303,53,0,609,80,129,82,0,291,900,255,297,52,0,604,77,127,81,0,285,889
2,Terrell,Bronwood,900,560,62.22 %,132,127,34,1,294,66,92,107,0,265,559,131,127,32,1,291,67,92,108,0,267,558,129,124,31,1,285,66,91,107,0,264,549
3,Terrell,Parrott,416,299,71.88 %,111,61,16,0,188,51,25,35,0,111,299,113,61,16,0,190,49,25,35,0,109,299,110,61,16,0,187,52,25,34,0,111,298
4,Terrell,Graves,610,404,66.23 %,125,104,41,0,270,32,44,57,0,133,403,126,104,39,0,269,32,44,57,0,133,402,122,104,39,0,265,32,41,56,0,129,394
5,Terrell,Herod-Dover,304,199,65.46 %,59,40,14,0,113,31,25,30,0,86,199,59,42,14,0,115,31,23,30,0,84,199,59,41,14,0,114,30,23,28,0,81,195
0,Thomas,Barwick,656,449,68.45 %,140,179,32,1,352,45,31,18,0,94,446,142,180,31,1,354,45,31,18,0,94,448,143,179,30,1,353,39,31,19,0,89,442
1,Thomas,Boston,1683,995,59.12 %,170,297,47,0,514,120,215,144,0,479,993,168,296,46,0,510,121,215,145,0,481,991,167,300,43,0,510,121,207,146,0,474,984
2,Thomas,Central,3584,2271,63.36 %,367,982,171,0,1520,104,419,220,0,743,2263,367,988,178,0,1533,104,416,212,0,732,2265,368,975,171,0,1514,100,414,212,0,726,2240
3,Thomas,Coolidge,1012,607,59.98 %,277,169,30,0,476,51,50,29,0,130,606,279,171,30,0,480,50,47,29,0,126,606,271,164,32,0,467,44,48,27,0,119,586
4,Thomas,Douglass,2525,1264,50.06 %,46,129,29,0,204,268,554,230,1,1053,1257,45,130,28,0,203,269,555,229,1,1054,1257,45,130,26,0,201,268,547,223,1,1039,1240
5,Thomas,LIttle Ochlocknee Baptist Church,1177,800,67.97 %,268,327,52,0,647,20,99,33,0,152,799,269,327,51,0,647,19,100,34,0,153,800,267,326,49,0,642,19,97,33,0,149,791
6,Thomas,Fire Station #2,1432,1040,72.63 %,197,473,95,0,765,28,154,92,0,274,1039,199,472,95,0,766,26,155,92,0,273,1039,202,477,98,0,777,20,143,87,0,250,1027
7,Thomas,Gatlin Creek,2140,1394,65.14 %,308,628,107,0,1043,65,199,84,1,349,1392,308,629,109,0,1046,66,198,82,1,347,1393,311,625,106,0,1042,62,193,83,1,339,1381
8,Thomas,Harper,2045,1184,57.90 %,62,188,32,0,282,173,473,247,0,893,1175,62,189,33,0,284,175,476,247,0,898,1182,65,190,35,0,290,166,468,242,0,876,1166
9,Thomas,Jerger,1930,1333,69.07 %,176,545,117,1,839,80,273,140,0,493,1332,174,546,120,1,841,80,272,137,0,489,1330,175,549,120,1,845,79,260,131,0,470,1315
10,Thomas,Meigs,891,505,56.68 %,139,123,32,0,294,131,44,33,1,209,503,138,122,33,0,293,132,44,32,1,209,502,139,122,30,0,291,127,44,33,1,205,496
11,Thomas,Metcalfe,311,207,66.56 %,82,56,11,0,149,17,15,26,0,58,207,81,56,11,0,148,17,14,26,0,57,205,82,56,12,0,150,16,14,24,0,54,204
12,Thomas,New Covenant,2191,1392,63.53 %,326,613,92,1,1032,61,195,103,0,359,1391,325,614,93,1,1033,61,192,101,0,354,1387,324,610,94,1,1029,61,191,96,0,348,1377
13,Thomas,Ochlocknee,1217,714,58.67 %,262,272,40,0,574,39,70,23,0,132,706,265,274,39,0,578,40,69,24,0,133,711,262,278,40,0,580,39,65,23,0,127,707
14,Thomas,Pavo,688,424,61.63 %,207,121,23,0,351,18,21,33,0,72,423,205,121,23,0,349,20,21,33,0,74,423,201,121,23,0,345,21,20,32,0,73,418
15,Thomas,Remington Esc,2236,1383,61.85 %,218,484,123,0,825,96,295,162,1,554,1379,219,484,126,0,829,94,295,158,1,548,1377,212,489,129,0,830,96,283,148,1,528,1358
16,Thomas,Resource Center,1385,818,59.06 %,16,38,11,0,65,168,375,205,1,749,814,15,38,11,0,64,170,374,207,1,752,816,16,42,10,0,68,168,366,203,1,738,806
17,Thomas,Scott,2555,1759,68.85 %,256,677,140,0,1073,99,400,182,1,682,1755,254,677,143,0,1074,99,401,181,1,682,1756,260,682,135,0,1077,91,386,181,1,659,1736
18,Thomas,Merrillville,724,460,63.54 %,107,188,34,0,329,19,62,48,0,129,458,104,188,34,0,326,22,62,49,0,133,459,105,181,34,0,320,19,63,48,0,130,450
19,Thomas,Patten,415,286,68.92 %,117,110,16,0,243,11,23,9,0,43,286,117,108,16,0,241,11,25,9,0,45,286,115,110,16,0,241,10,23,9,0,42,283
0,Tift,Tifton Northeast,3457,1860,53.80 %,314,677,149,10,1150,147,398,155,2,702,1852,309,678,146,10,1143,152,401,160,2,715,1858,305,694,153,9,1161,148,381,143,2,674,1835
1,Tift,Brighton,2257,1648,73.02 %,494,785,92,2,1373,38,146,90,0,274,1647,493,784,93,2,1372,40,146,86,0,272,1644,494,788,98,2,1382,34,131,81,0,246,1628
2,Tift,Brookfield,1531,902,58.92 %,348,375,42,0,765,43,58,35,0,136,901,347,373,43,0,763,45,59,34,0,138,901,349,376,42,0,767,40,52,34,0,126,893
3,Tift,Chula,1347,976,72.46 %,398,356,74,0,828,26,76,43,0,145,973,399,355,73,0,827,25,77,44,0,146,973,396,357,76,0,829,24,76,40,0,140,969
4,Tift,Docia,1061,763,71.91 %,283,348,53,2,686,17,26,33,0,76,762,284,347,51,2,684,16,27,33,0,76,760,282,351,59,2,694,14,24,25,0,63,757
5,Tift,Eldorado,1307,804,61.51 %,347,306,58,0,711,36,35,20,0,91,802,349,306,57,0,712,33,35,23,0,91,803,347,300,63,0,710,33,35,15,0,83,793
6,Tift,Omega,885,470,53.11 %,251,90,24,0,365,64,27,14,0,105,470,249,88,23,0,360,66,29,15,0,110,470,250,89,24,0,363,59,27,14,0,100,463
7,Tift,Ty Ty,1254,769,61.32 %,295,238,55,0,588,81,72,26,0,179,767,296,240,56,0,592,80,71,25,0,176,768,293,240,52,0,585,79,68,26,0,173,758
8,Tift,Tifton Northwest,3421,2086,60.98 %,401,911,153,0,1465,132,339,148,0,619,2084,401,912,153,0,1466,132,339,148,0,619,2085,404,913,152,0,1469,122,328,139,0,589,2058
9,Tift,Tifton South,2407,1046,43.46 %,82,208,37,0,327,186,312,218,0,716,1043,83,211,36,0,330,185,308,221,0,714,1044,80,210,39,0,329,185,297,208,0,690,1019
10,Tift,Mott-Litman Gym,2951,1285,43.54 %,46,152,21,0,219,251,520,286,0,1057,1276,46,148,18,0,212,252,526,292,0,1070,1282,45,151,20,0,216,247,502,280,0,1029,1245
11,Tift,Tifton Lodge,3184,1833,57.57 %,344,715,144,1,1204,149,317,160,0,626,1830,343,713,146,1,1203,149,320,158,0,627,1830,352,711,151,1,1215,139,305,148,0,592,1807
0,Toombs,15361 Lyons,3809,1966,51.61 %,432,821,185,1,1439,142,228,150,0,520,1959,438,823,183,1,1445,138,229,151,0,518,1963,431,818,178,1,1428,138,218,142,0,498,1926
1,Toombs,39 Newbranch,1458,966,66.26 %,427,360,76,0,863,22,28,52,0,102,965,426,361,77,0,864,23,26,51,0,100,964,423,357,77,0,857,18,25,51,0,94,951
2,Toombs,43 Cedar Crossing,1503,879,58.48 %,399,346,70,0,815,23,20,19,0,62,877,397,345,69,0,811,25,21,20,0,66,877,395,340,68,0,803,23,19,19,0,61,864
3,Toombs,513 VPD,5879,3449,58.67 %,596,1427,343,3,2369,239,479,354,2,1074,3443,594,1428,339,3,2364,241,482,358,2,1083,3447,588,1429,345,3,2365,233,462,332,2,1029,3394
4,Toombs,514 STIALC,3972,2160,54.38 %,424,779,188,0,1391,172,320,261,0,753,2144,420,777,185,0,1382,178,324,274,0,776,2158,425,767,186,0,1378,166,320,258,0,744,2122
0,Towns,Young Harris,3187,2250,70.60 %,482,969,295,0,1746,71,196,230,0,497,2243,482,966,293,0,1741,72,199,233,0,504,2245,479,966,292,0,1737,73,186,218,0,477,2214
1,Towns,Macedonia,3683,2550,69.24 %,492,1262,347,4,2105,45,187,208,0,440,2545,488,1261,342,4,2095,49,189,211,0,449,2544,492,1246,335,4,2077,40,176,209,0,425,2502
2,Towns,Hiawassee,3523,2454,69.66 %,404,1227,360,0,1991,40,188,228,1,457,2448,402,1228,354,0,1984,42,188,230,1,461,2445,403,1222,358,0,1983,38,178,214,1,431,2414
0,Treutlen,Annex,1979,1327,67.05 %,361,683,108,1,1153,23,66,78,0,167,1320,361,685,107,1,1154,24,66,79,0,169,1323,358,676,107,1,1142,24,63,78,0,165,1307
1,Treutlen,Soperton,2339,1394,59.60 %,225,411,70,0,706,173,348,158,1,680,1386,222,415,71,0,708,175,348,158,1,682,1390,223,414,75,0,712,158,324,146,1,629,1341
0,Troup,Hollis Hand,3641,2512,68.99 %,625,912,346,3,1886,133,257,231,0,621,2507,613,903,347,3,1866,146,267,228,0,641,2507,626,924,366,3,1919,127,240,194,0,561,2480
1,Troup,Administration Bldg,4061,1765,43.46 %,175,217,95,4,491,351,506,405,3,1265,1756,175,218,93,4,490,351,507,409,4,1271,1761,181,217,98,4,500,343,496,395,3,1237,1737
2,Troup,Hammett Rd,4515,2349,52.03 %,283,388,161,0,832,404,736,371,1,1512,2344,279,388,160,0,827,406,735,376,1,1518,2345,289,400,169,0,858,389,715,360,1,1465,2323
3,Troup,Griggs Center,2539,1104,43.48 %,25,31,9,0,65,345,401,284,1,1031,1096,22,31,11,0,64,351,402,285,2,1040,1104,25,31,10,0,66,341,398,279,1,1019,1085
4,Troup,West Point,2125,1104,51.95 %,171,125,62,3,361,327,185,229,0,741,1102,169,125,62,3,359,328,185,230,0,743,1102,175,126,63,3,367,312,180,223,0,715,1082
5,Troup,Hogansville,3946,2394,60.67 %,466,904,185,2,1557,170,441,219,1,831,2388,472,902,184,2,1560,165,443,222,1,831,2391,467,896,190,2,1555,166,433,212,1,812,2367
6,Troup,East Vernon,3190,2159,67.68 %,749,741,245,6,1741,112,171,126,1,410,2151,750,742,245,5,1742,111,173,128,1,413,2155,757,740,250,6,1753,99,164,119,1,383,2136
7,Troup,Rosemont,4027,2751,68.31 %,811,1111,319,5,2246,107,226,171,0,504,2750,809,1107,317,5,2238,105,230,173,0,508,2746,816,1112,318,4,2250,99,217,168,0,484,2734
8,Troup,McClendon,3623,2453,67.71 %,690,947,210,2,1849,133,294,175,1,603,2452,691,937,206,2,1836,133,303,178,1,615,2451,698,950,207,2,1857,123,284,170,1,578,2435
9,Troup,Long Cane,3332,2110,63.33 %,739,616,171,1,1527,175,242,163,2,582,2109,735,615,171,1,1522,180,243,163,1,587,2109,743,620,173,1,1537,164,234,156,2,556,2093
10,Troup,Gardner Newman,3014,1824,60.52 %,343,508,166,2,1019,183,401,220,1,805,1824,339,502,169,2,1012,186,406,216,1,809,1821,343,511,171,2,1027,176,397,207,1,781,1808
11,Troup,Gray Hill,1910,1162,60.84 %,476,291,67,1,835,104,125,92,2,323,1158,477,289,68,1,835,104,128,92,2,326,1161,473,293,70,1,837,103,122,84,2,311,1148
12,Troup,Highland,1747,1008,57.70 %,148,230,66,0,444,122,273,166,2,563,1007,147,231,65,0,443,123,271,167,2,563,1006,152,238,69,1,460,115,263,160,1,539,999
13,Troup,Northside,2686,1648,61.36 %,302,482,149,2,935,187,329,196,1,713,1648,296,477,146,2,921,193,334,198,1,726,1647,304,498,152,2,956,180,310,188,1,679,1635
0,Turner,Ashburn,3597,2045,56.85 %,230,584,99,0,913,284,635,208,1,1128,2041,230,586,95,0,911,285,632,212,1,1130,2041,229,589,95,0,913,278,612,204,1,1095,2008
1,Turner,Sycamore,1634,1077,65.91 %,225,647,63,0,935,26,91,21,2,140,1075,225,647,63,0,935,26,93,21,2,142,1077,225,643,62,0,930,24,87,21,2,134,1064
2,Turner,Rebecca,477,294,61.64 %,140,98,18,1,257,13,13,11,0,37,294,140,98,17,1,256,13,13,12,0,38,294,141,98,18,1,258,10,13,10,0,33,291
0,Twiggs,Dry Branch,1569,851,54.24 %,357,214,97,0,668,55,77,49,0,181,849,358,214,97,0,669,54,77,49,0,180,849,350,212,94,0,656,53,71,49,0,173,829
1,Twiggs,Golden Isles,1705,1081,63.40 %,237,157,42,0,436,178,225,231,2,636,1072,235,156,42,0,433,185,227,232,1,645,1078,235,153,40,0,428,179,222,227,2,630,1058
2,Twiggs,Higgsville,766,501,65.40 %,187,130,40,0,357,45,61,37,1,144,501,186,129,40,0,355,45,62,37,1,145,500,187,127,38,0,352,44,57,37,1,139,491
3,Twiggs,Jeffersonville/Ware,1461,985,67.42 %,125,185,26,0,336,131,278,235,0,644,980,119,186,26,0,331,137,278,235,0,650,981,122,186,26,0,334,131,267,225,0,623,957
4,Twiggs,Shady Grove/Tarvers,852,532,62.44 %,107,123,30,0,260,71,86,114,0,271,531,105,123,26,0,254,72,86,118,0,276,530,107,124,31,0,262,63,82,107,0,252,514
0,Union,Blairsville,2511,1659,66.07 %,371,708,244,0,1323,31,138,164,0,333,1656,370,710,238,0,1318,30,138,169,0,337,1655,369,716,239,0,1324,28,119,154,0,301,1625
1,Union,Coosa,2372,1689,71.21 %,482,786,181,2,1451,31,105,102,0,238,1689,478,786,178,2,1444,32,105,105,0,242,1686,480,780,182,2,1444,25,98,92,0,215,1659
2,Union,Choestoe,1389,1020,73.43 %,299,416,122,0,837,22,78,78,0,178,1015,299,418,122,0,839,21,78,78,0,177,1016,296,420,123,0,839,23,70,73,0,166,1005
3,Union,Jones Creek,1989,1479,74.36 %,456,582,188,1,1227,30,107,114,0,251,1478,454,583,188,1,1226,32,106,113,0,251,1477,452,579,189,1,1221,31,100,110,0,241,1462
4,Union,Owltown,1544,1157,74.94 %,268,512,141,0,921,23,87,124,0,234,1155,268,507,140,0,915,23,89,124,0,236,1151,264,514,148,0,926,23,82,111,0,216,1142
5,Union,Ivy Log,2061,1533,74.38 %,431,646,206,0,1283,29,106,112,0,247,1530,431,647,206,0,1284,27,105,113,0,245,1529,433,646,199,0,1278,22,99,108,0,229,1507
6,Union,Suches,617,439,71.15 %,239,81,37,0,357,20,14,47,0,81,438,236,81,37,0,354,23,14,47,0,84,438,230,80,35,0,345,22,13,45,0,80,425
7,Union,Trackrock,1124,844,75.09 %,236,354,89,0,679,24,69,70,0,163,842,235,350,88,0,673,26,73,70,0,169,842,235,350,89,0,674,23,69,65,0,157,831
8,Union,Dooley,1557,1134,72.83 %,359,393,127,1,880,46,94,111,1,252,1132,357,393,127,1,878,48,94,111,1,254,1132,357,394,128,1,880,45,86,103,1,235,1115
9,Union,Gumlog,2195,1545,70.39 %,426,651,208,0,1285,38,100,115,0,253,1538,427,651,208,0,1286,39,101,113,0,253,1539,430,654,203,0,1287,32,95,107,0,234,1521
10,Union,Pat Colwell,2269,1712,75.45 %,415,765,190,0,1370,39,144,157,0,340,1710,416,768,193,0,1377,39,141,152,0,332,1709,417,768,199,0,1384,33,135,145,0,313,1697
0,Upson,Yatesville,1364,931,68.26 %,418,229,42,0,689,75,72,93,0,240,929,419,229,41,0,689,74,72,95,0,241,930,417,228,44,0,689,73,70,91,0,234,923
1,Upson,Salem,372,291,78.23 %,16,14,5,0,35,78,73,104,0,255,290,14,15,5,0,34,80,72,105,0,257,291,14,14,5,0,33,80,70,100,0,250,283
2,Upson,Redbone,8380,5224,62.34 %,1229,2320,498,1,4048,219,532,415,0,1166,5214,1228,2319,494,1,4042,220,535,421,0,1176,5218,1229,2309,488,1,4027,212,510,407,0,1129,5156
3,Upson,Town,8411,4759,56.58 %,759,1446,365,0,2570,452,980,739,1,2172,4742,750,1442,359,0,2551,459,986,748,1,2194,4745,758,1447,368,0,2573,438,942,713,1,2094,4667
0,Walker,La Fayette,6760,3387,50.10 %,935,1266,446,4,2651,154,263,309,2,728,3379,940,1264,442,4,2650,151,265,311,2,729,3379,934,1249,456,4,2643,141,260,288,2,691,3334
1,Walker,Walnut Grove,2281,1347,59.05 %,535,504,146,1,1186,35,58,66,0,159,1345,534,506,148,1,1189,36,57,64,0,157,1346,537,507,143,1,1188,28,54,64,0,146,1334
2,Walker,Rock Spring,6436,3875,60.21 %,1120,1689,467,5,3281,117,235,238,0,590,3871,1125,1694,471,5,3295,112,231,232,0,575,3870,1119,1674,461,4,3258,108,230,224,1,563,3821
3,Walker,Armuchee Valley,1497,942,62.93 %,597,145,58,0,800,58,28,55,0,141,941,599,145,59,0,803,56,28,54,0,138,941,591,147,61,0,799,58,24,49,0,131,930
4,Walker,Mountain,1277,811,63.51 %,436,134,86,1,657,53,29,70,0,152,809,436,133,87,1,657,52,30,70,0,152,809,438,137,86,1,662,45,25,71,0,141,803
5,Walker,Chattanooga Valley,6508,3561,54.72 %,1132,1117,470,1,2720,213,245,377,1,836,3556,1131,1117,475,1,2724,215,241,373,1,830,3554,1129,1118,475,1,2723,205,234,363,1,803,3526
6,Walker,Kensington,1379,829,60.12 %,427,159,72,0,658,47,58,62,0,167,825,425,161,73,0,659,49,56,62,0,167,826,423,161,74,0,658,48,52,60,0,160,818
7,Walker,Rossville,6473,2990,46.19 %,842,926,417,3,2188,253,209,334,0,796,2984,840,928,422,3,2193,256,204,328,0,788,2981,838,913,417,3,2171,246,202,322,0,770,2941
8,Walker,Chickamauga,7087,4044,57.06 %,1193,1624,530,1,3348,128,246,320,0,694,4042,1192,1622,531,1,3346,127,244,318,0,689,4035,1188,1615,536,1,3340,118,233,296,0,647,3987
9,Walker,Fairyland,1288,890,69.10 %,277,271,70,0,618,75,120,75,0,270,888,271,269,73,0,613,81,122,72,0,275,888,278,279,65,0,622,69,107,66,0,242,864
10,Walker,Fairview,3194,1521,47.62 %,543,405,212,1,1161,102,102,153,1,358,1519,544,406,212,1,1163,101,101,150,1,353,1516,540,403,199,1,1143,103,97,152,1,353,1496
0,Walton,Bold Springs,4750,3375,71.05 %,1051,1264,398,0,2713,124,266,267,2,659,3372,1049,1261,393,0,2703,125,268,271,2,666,3369,1059,1263,393,0,2715,111,260,252,2,625,3340
1,Walton,Whatley,1308,940,71.87 %,327,378,103,0,808,28,54,49,0,131,939,327,378,101,0,806,28,54,51,0,133,939,327,376,105,0,808,26,51,46,0,123,931
2,Walton,Walker Park,3934,2575,65.46 %,759,1054,296,2,2111,110,182,167,0,459,2570,762,1052,295,2,2111,107,185,170,0,462,2573,763,1056,294,2,2115,98,172,157,0,427,2542
3,Walton,Gratis,1258,978,77.74 %,409,333,112,1,855,29,40,52,0,121,976,409,327,111,1,848,28,46,54,0,128,976,413,328,110,1,852,21,41,52,0,114,966
4,Walton,Between,5033,3518,69.90 %,979,1496,358,0,2833,143,307,231,0,681,3514,971,1487,354,0,2812,151,314,235,0,700,3512,983,1505,363,0,2851,134,290,215,0,639,3490
5,Walton,Walnut Grove,2701,1700,62.94 %,609,676,150,1,1436,43,129,92,0,264,1700,607,674,149,1,1431,45,131,93,0,269,1700,606,674,151,1,1432,42,126,88,0,256,1688
6,Walton,Loganville North,5319,3091,58.11 %,703,1143,341,4,2191,190,442,261,1,894,3085,702,1141,343,3,2189,192,446,260,2,900,3089,702,1145,341,4,2192,187,432,245,1,865,3057
7,Walton,Social Circle,4689,2977,63.49 %,917,922,246,1,2086,272,318,300,0,890,2976,914,916,245,1,2076,275,323,301,0,899,2975,926,925,242,1,2094,253,308,286,0,847,2941
8,Walton,South Monroe,3999,2263,56.59 %,407,930,239,1,1577,142,348,192,2,684,2261,403,930,237,1,1571,146,350,193,2,691,2262,410,928,237,1,1576,137,338,183,2,660,2236
9,Walton,North Monroe,4950,2471,49.92 %,378,532,163,0,1073,323,623,443,3,1392,2465,372,531,160,0,1063,328,625,445,3,1401,2464,384,533,162,0,1079,312,605,432,3,1352,2431
10,Walton,Loganville South,3821,2305,60.32 %,443,813,310,0,1566,190,319,225,0,734,2300,438,808,307,0,1553,193,323,230,0,746,2299,448,819,309,0,1576,184,307,218,0,709,2285
11,Walton,West Walton,4267,2982,69.89 %,835,1203,318,0,2356,145,292,189,0,626,2982,831,1202,315,0,2348,147,292,189,0,628,2976,832,1204,321,0,2357,141,280,178,0,599,2956
12,Walton,Broken Arrow,4437,2855,64.35 %,863,1184,253,0,2300,93,251,206,0,550,2850,860,1176,253,0,2289,94,260,205,0,559,2848,864,1187,261,0,2312,88,240,192,0,520,2832
13,Walton,Bay Creek,3468,2331,67.21 %,586,1044,256,0,1886,93,198,150,0,441,2327,588,1042,254,0,1884,92,202,151,0,445,2329,586,1044,261,0,1891,90,193,139,0,422,2313
14,Walton,E Monroe,4215,1990,47.21 %,437,569,161,1,1168,229,375,212,0,816,1984,432,569,158,1,1160,235,376,216,0,827,1987,432,578,162,1,1173,229,363,207,0,799,1972
15,Walton,W Monroe,2073,1493,72.02 %,359,694,157,2,1212,51,140,89,0,280,1492,358,693,157,2,1210,52,140,88,0,280,1490,360,696,159,2,1217,49,134,85,0,268,1485
16,Walton,Tara,4122,2765,67.08 %,420,833,207,0,1460,226,771,306,0,1303,2763,415,835,200,0,1450,230,770,313,0,1313,2763,426,834,209,0,1469,216,756,293,0,1265,2734
17,Walton,Mountain,1706,1103,64.65 %,400,414,116,0,930,55,57,59,1,172,1102,399,413,114,0,926,56,57,60,1,174,1100,401,411,120,0,932,51,55,54,1,161,1093
18,Walton,Jersey,2010,1440,71.64 %,730,445,110,0,1285,52,57,44,0,153,1438,730,441,108,0,1279,52,60,47,0,159,1438,736,443,113,0,1292,44,56,39,0,139,1431
19,Walton,Blasingame,1141,835,73.18 %,416,235,75,0,726,33,37,38,0,108,834,416,235,75,0,726,34,37,38,0,109,835,418,235,71,0,724,31,37,36,0,104,828
20,Walton,Good Hope,2201,1564,71.06 %,726,485,125,0,1336,76,84,65,0,225,1561,727,483,122,0,1332,74,86,70,0,230,1562,727,485,130,0,1342,68,79,62,0,209,1551
0,Ware,100,4466,2062,46.17 %,98,158,72,0,328,277,765,671,1,1714,2042,98,155,71,0,324,277,773,682,1,1733,2057,101,159,73,0,333,271,764,669,1,1705,2038
1,Ware,200A,2519,1442,57.24 %,324,484,117,0,925,129,229,154,1,513,1438,326,485,119,0,930,127,229,150,1,507,1437,326,481,122,0,929,120,228,140,1,489,1418
2,Ware,200B,915,410,44.81 %,42,62,32,0,136,50,118,102,0,270,406,42,63,33,0,138,49,119,101,1,270,408,41,64,30,0,135,50,115,102,1,268,403
3,Ware,300,3919,2383,60.81 %,637,857,296,5,1795,121,258,206,0,585,2380,641,859,290,5,1795,116,255,209,0,580,2375,642,852,290,5,1789,112,250,204,0,566,2355
4,Ware,304,1211,669,55.24 %,278,239,55,3,575,24,34,33,0,91,666,279,238,56,3,576,23,34,32,1,90,666,278,236,51,3,568,24,35,32,1,92,660
5,Ware,400,3438,2257,65.65 %,705,1004,232,2,1943,50,149,112,0,311,2254,703,1006,231,2,1942,51,145,113,0,309,2251,701,996,235,2,1934,48,148,107,0,303,2237
6,Ware,404,373,262,70.24 %,166,40,32,0,238,8,2,13,0,23,261,166,39,31,0,236,8,3,14,0,25,261,167,39,30,0,236,7,2,15,0,24,260
7,Ware,405,637,411,64.52 %,270,87,38,0,395,5,4,6,0,15,410,270,87,38,0,395,5,4,6,0,15,410,268,85,36,0,389,7,4,6,0,17,406
8,Ware,406,1619,1036,63.99 %,484,375,79,2,940,32,32,29,0,93,1033,484,374,80,2,940,31,33,28,0,92,1032,481,376,80,1,938,30,32,28,0,90,1028
9,Ware,407,501,337,67.27 %,216,78,23,1,318,7,5,7,0,19,337,217,78,23,1,319,6,5,7,0,18,337,214,78,23,1,316,7,5,7,0,19,335
10,Ware,408,516,358,69.38 %,260,62,14,0,336,8,6,8,0,22,358,259,62,12,0,333,9,6,8,0,23,356,258,62,13,0,333,7,6,9,0,22,355
11,Ware,409,943,620,65.75 %,309,204,52,4,569,13,19,16,0,48,617,308,207,52,4,571,13,19,16,0,48,619,301,204,52,4,561,13,19,16,0,48,609
0,Warren,Warrenton,3863,2474,64.04 %,257,674,148,0,1079,307,594,485,1,1387,2466,258,667,147,0,1072,305,601,488,1,1395,2467,256,666,147,0,1069,298,569,465,1,1333,2402
0,Washington,Riddleville,562,407,72.42 %,153,74,25,1,253,52,39,59,0,150,403,154,74,25,1,254,52,39,60,0,151,405,153,74,25,1,253,48,39,55,0,142,395
1,Washington,Warthen,751,542,72.17 %,161,92,48,0,301,94,55,89,0,238,539,161,92,46,0,299,96,55,91,0,242,541,158,89,51,0,298,92,54,86,0,232,530
2,Washington,Tennille,2549,1544,60.57 %,222,319,86,0,627,270,378,263,0,911,1538,221,316,87,0,624,271,380,263,0,914,1538,226,315,86,0,627,260,363,248,0,871,1498
3,Washington,Oconee,590,402,68.14 %,131,56,19,2,208,67,55,70,0,192,400,131,56,19,2,208,68,56,70,0,194,402,128,51,18,2,199,63,53,70,0,186,385
4,Washington,Harrison,1032,682,66.09 %,218,174,53,0,445,84,67,83,0,234,679,218,171,53,0,442,84,71,84,0,239,681,213,170,52,0,435,81,66,76,0,223,658
5,Washington,Davisboro,831,555,66.79 %,167,104,43,0,314,106,50,82,1,239,553,167,104,44,0,315,105,50,81,1,237,552,165,102,43,0,310,102,51,82,1,236,546
6,Washington,Sandersville,6280,4034,64.24 %,460,985,276,0,1721,498,896,902,1,2297,4018,460,978,276,0,1714,498,905,908,1,2312,4026,466,973,284,0,1723,475,855,870,1,2201,3924
7,Washington,Deepstep,557,399,71.63 %,197,77,18,0,292,28,33,46,0,107,399,196,75,17,0,288,27,35,47,0,109,397,198,76,18,0,292,23,33,45,0,101,393
0,Wayne,Odum,1299,903,69.52 %,442,312,62,0,816,18,37,31,0,86,902,440,312,62,0,814,19,38,31,0,88,902,433,311,64,0,808,19,35,27,0,81,889
1,Wayne,Madray Springs,1198,796,66.44 %,281,365,88,0,734,14,22,22,0,58,792,281,367,92,0,740,14,22,18,0,54,794,280,367,87,0,734,14,21,21,0,56,790
2,Wayne,Oglethorpe,1779,1137,63.91 %,352,513,119,2,986,33,71,46,0,150,1136,351,513,117,2,983,34,71,48,0,153,1136,348,515,117,2,982,34,66,47,0,147,1129
3,Wayne,Screven,1902,1212,63.72 %,559,392,89,0,1040,67,63,41,0,171,1211,559,393,89,0,1041,67,62,41,0,170,1211,553,388,89,0,1030,65,62,41,0,168,1198
4,Wayne,Empire,1133,775,68.40 %,309,320,86,0,715,17,27,15,0,59,774,310,319,86,0,715,17,27,14,0,58,773,307,321,85,0,713,18,24,15,0,57,770
5,Wayne,Red Hill,1052,594,56.46 %,213,217,51,1,482,23,56,31,0,110,592,213,215,50,1,479,23,57,32,0,112,591,208,217,52,1,478,27,55,31,0,113,591
6,Wayne,Altamaha,2944,1510,51.29 %,386,630,129,0,1145,99,181,84,0,364,1509,385,630,130,0,1145,99,181,84,0,364,1509,386,630,126,0,1142,97,175,84,0,356,1498
7,Wayne,Gardi,1160,736,63.45 %,358,228,75,0,661,22,24,29,0,75,736,362,227,76,0,665,18,24,28,0,70,735,358,224,77,0,659,20,24,24,0,68,727
8,Wayne,VFW,1169,597,51.07 %,26,71,27,0,124,116,234,122,0,472,596,26,72,27,0,125,115,233,122,0,470,595,27,70,24,0,121,112,232,120,0,464,585
9,Wayne,Pine Street,1162,667,57.40 %,100,191,65,0,356,86,150,74,0,310,666,99,193,65,0,357,87,149,73,0,309,666,99,187,64,0,350,84,149,71,0,304,654
10,Wayne,Unity,1955,1191,60.92 %,277,419,128,2,826,91,174,97,1,363,1189,282,422,130,2,836,86,171,95,1,353,1189,287,418,126,2,833,79,172,97,1,349,1182
11,Wayne,Rec Center,1811,1113,61.46 %,353,383,101,2,839,67,124,79,0,270,1109,355,383,101,2,841,66,125,79,0,270,1111,358,379,104,2,843,60,125,74,0,259,1102
0,Webster,Preston 1,1734,1256,72.43 %,199,388,113,0,700,150,218,185,1,554,1254,200,390,114,0,704,149,218,184,1,552,1256,200,388,112,0,700,142,200,172,0,514,1214
0,Wheeler,Alamo,1866,1210,64.84 %,294,417,82,8,801,126,166,113,1,406,1207,293,416,80,8,797,127,166,114,1,408,1205,291,415,80,7,793,120,158,113,1,392,1185
1,Wheeler,Glenwood,1342,805,59.99 %,298,217,66,0,581,81,79,61,0,221,802,295,218,64,0,577,84,78,64,0,226,803,297,210,66,0,573,77,80,60,0,217,790
0,White,Blue Creek,2198,1613,73.38 %,472,611,199,0,1282,49,135,145,0,329,1611,472,608,197,0,1277,49,138,147,0,334,1611,471,607,200,0,1278,47,131,142,0,320,1598
1,White,Blue Ridge,814,608,74.69 %,218,216,88,0,522,13,39,33,0,85,607,218,214,85,0,517,12,40,35,0,87,604,213,212,83,0,508,14,37,36,0,87,595
2,White,Helen,580,380,65.52 %,110,121,48,2,281,28,46,25,0,99,380,108,120,47,2,277,30,47,26,0,103,380,109,120,50,2,281,26,45,23,0,94,375
3,White,Mossy Creek,2761,1990,72.08 %,710,827,220,0,1757,58,87,86,0,231,1988,709,825,220,0,1754,60,90,86,0,236,1990,706,818,220,0,1744,52,83,82,0,217,1961
4,White,Mt Yonah,4209,2776,65.95 %,710,1208,374,2,2294,90,226,163,0,479,2773,711,1202,367,2,2282,89,232,169,0,490,2772,705,1215,377,2,2299,89,202,148,0,439,2738
5,White,Nacoochee,1429,1189,83.21 %,237,436,169,0,842,63,128,156,0,347,1189,231,432,165,0,828,67,131,160,0,358,1186,232,445,172,0,849,64,116,147,0,327,1176
6,White,Robertstown,336,272,80.95 %,97,83,24,0,204,18,30,18,0,66,270,98,84,24,0,206,18,29,18,0,65,271,99,80,24,0,203,17,30,18,0,65,268
7,White,Shoal Creek,2212,1482,67.00 %,533,592,170,0,1295,37,79,70,0,186,1481,533,588,172,0,1293,37,83,69,0,189,1482,536,585,170,0,1291,31,77,69,0,177,1468
8,White,Tesnatee,990,835,84.34 %,235,340,115,0,690,29,77,39,0,145,835,232,336,113,0,681,32,80,40,0,152,833,230,340,115,0,685,31,73,39,0,143,828
9,White,Town Creek,1484,1038,69.95 %,340,434,105,0,879,23,69,64,0,156,1035,341,434,106,0,881,22,71,63,0,156,1037,336,432,106,0,874,25,65,61,0,151,1025
10,White,White Creek,1576,1127,71.51 %,418,472,135,0,1025,23,34,42,0,99,1124,420,468,134,0,1022,21,38,43,0,102,1124,420,471,134,0,1025,21,30,41,0,92,1117
0,Whitfield,1A,2582,1082,41.91 %,174,215,127,2,518,183,236,140,3,562,1080,176,214,128,2,520,180,237,139,3,559,1079,180,215,128,2,525,173,232,130,3,538,1063
1,Whitfield,2A,3131,1938,61.90 %,463,679,193,0,1335,176,257,169,0,602,1937,466,678,188,0,1332,173,257,172,0,602,1934,480,682,195,0,1357,152,244,160,0,556,1913
2,Whitfield,3A,2250,1463,65.02 %,359,411,170,0,940,149,206,164,0,519,1459,360,412,174,0,946,149,205,161,0,515,1461,369,413,186,0,968,136,196,137,0,469,1437
3,Whitfield,4A,2644,1743,65.92 %,390,533,176,0,1099,185,271,183,1,640,1739,391,533,175,0,1099,185,271,184,1,641,1740,389,547,175,0,1111,178,249,174,1,602,1713
4,Whitfield,5A,2278,904,39.68 %,124,66,32,0,222,288,254,130,2,674,896,123,64,35,0,222,290,256,130,2,678,900,123,66,35,0,224,284,245,126,2,657,881
5,Whitfield,6A,1756,650,37.02 %,99,65,33,1,198,199,180,69,2,450,648,95,65,31,1,192,203,182,71,2,458,650,98,68,33,1,200,199,176,66,2,443,643
6,Whitfield,AN,2548,1063,41.72 %,268,213,58,1,540,197,224,100,1,522,1062,271,211,59,1,542,194,226,98,1,519,1061,261,210,52,1,524,195,221,98,1,515,1039
7,Whitfield,CA,2004,1030,51.40 %,538,227,53,2,820,96,59,51,3,209,1029,543,228,52,2,825,92,58,52,3,205,1030,532,228,53,2,815,93,56,51,3,203,1018
8,Whitfield,CO,1464,875,59.77 %,489,166,61,1,717,64,42,52,0,158,875,484,167,62,1,714,67,40,51,0,158,872,482,166,63,1,712,64,39,50,0,153,865
9,Whitfield,DG,3358,2032,60.51 %,667,534,191,0,1392,244,225,168,0,637,2029,663,534,197,0,1394,246,225,161,0,632,2026,667,539,194,0,1400,230,216,157,0,603,2003
10,Whitfield,ES,1760,809,45.97 %,279,194,64,0,537,109,89,71,2,271,808,277,192,62,0,531,111,90,73,2,276,807,279,192,62,0,533,107,86,71,2,266,799
11,Whitfield,FI,2194,1189,54.19 %,458,310,88,3,859,113,141,75,0,329,1188,459,308,89,3,859,112,142,74,0,328,1187,453,302,88,3,846,110,134,71,0,315,1161
12,Whitfield,GL,2573,1360,52.86 %,389,348,118,0,855,222,170,110,0,502,1357,391,347,121,0,859,220,171,106,0,497,1356,390,346,114,0,850,217,170,106,0,493,1343
13,Whitfield,LT,1185,795,67.09 %,349,285,64,1,699,24,47,25,0,96,795,349,285,64,1,699,23,47,25,0,95,794,342,282,62,1,687,24,46,25,0,95,782
14,Whitfield,MC,1698,1097,64.61 %,571,293,71,4,939,54,57,46,0,157,1096,572,293,69,3,937,52,57,48,1,158,1095,564,286,73,4,927,54,56,41,0,151,1078
15,Whitfield,NI,2497,1500,60.07 %,696,412,127,3,1238,102,79,78,0,259,1497,696,410,123,3,1232,101,81,81,0,263,1495,694,413,125,3,1235,96,75,74,0,245,1480
16,Whitfield,PG,4848,2814,58.04 %,814,935,311,7,2067,233,303,207,0,743,2810,811,936,312,7,2066,234,302,205,0,741,2807,820,930,319,6,2075,220,294,192,0,706,2781
17,Whitfield,TH,3911,2276,58.19 %,890,675,219,0,1784,131,186,173,0,490,2274,890,678,221,0,1789,131,183,171,0,485,2274,895,678,222,0,1795,122,174,165,0,461,2256
18,Whitfield,TI,791,449,56.76 %,277,78,22,0,377,36,17,18,0,71,448,275,79,21,0,375,38,16,19,0,73,448,277,79,21,0,377,36,14,17,0,67,444
19,Whitfield,TR,1361,958,70.39 %,471,272,86,0,829,44,31,51,0,126,955,476,271,87,0,834,40,31,48,0,119,953,470,268,86,0,824,43,29,47,0,119,943
20,Whitfield,UT,1071,713,66.57 %,409,149,58,0,616,52,16,29,0,97,713,411,148,58,0,617,50,17,28,0,95,712,412,151,58,0,621,46,14,26,0,86,707
21,Whitfield,VA,5350,3327,62.19 %,1261,1027,289,5,2582,224,303,215,2,744,3326,1260,1026,293,5,2584,223,303,210,2,738,3322,1246,1025,302,5,2578,220,280,194,2,696,3274
22,Whitfield,WS,2678,1726,64.45 %,646,512,180,0,1338,110,171,106,0,387,1725,646,518,180,0,1344,110,165,106,0,381,1725,651,515,177,0,1343,99,162,98,0,359,1702
0,Wilcox,Rochelle North 1,571,261,45.71 %,29,30,18,0,77,76,69,39,0,184,261,30,30,17,0,77,75,69,40,0,184,261,34,30,17,0,81,67,67,36,0,170,251
1,Wilcox,Abbeville North 2,449,313,69.71 %,52,152,14,0,218,17,56,21,0,94,312,52,152,14,0,218,18,56,21,0,95,313,52,153,14,0,219,17,53,18,0,88,307
2,Wilcox,Pineview 2,648,411,63.43 %,135,65,26,0,226,91,51,41,0,183,409,135,65,27,0,227,92,51,41,0,184,411,136,67,24,0,227,88,49,44,0,181,408
3,Wilcox,Pitts 3,904,571,63.16 %,291,148,56,0,495,34,20,21,0,75,570,292,148,54,0,494,32,20,23,0,75,569,290,148,56,0,494,29,20,18,0,67,561
4,Wilcox,Rochelle South 4,1066,674,63.23 %,272,237,83,0,592,29,27,23,0,79,671,273,238,82,0,593,27,27,23,0,77,670,276,233,79,0,588,25,26,25,0,76,664
5,Wilcox,Abbeville South 5,1197,627,52.38 %,177,225,75,0,477,39,68,41,0,148,625,176,224,75,0,475,41,70,41,0,152,627,178,220,73,0,471,38,69,41,0,148,619
0,Wilkes,Senior Citizen Center,1568,976,62.24 %,92,218,53,1,364,149,253,202,1,605,969,91,216,54,1,362,149,257,204,1,611,973,92,221,55,1,369,142,243,199,1,585,954
1,Wilkes,Young Farmers Bldg,1199,845,70.48 %,172,353,125,2,652,41,88,61,0,190,842,174,353,126,2,655,39,89,60,0,188,843,173,354,125,2,654,36,83,59,0,178,832
2,Wilkes,Metasville Fire Sta,615,423,68.78 %,130,140,33,0,303,25,33,60,0,118,421,130,140,33,0,303,26,33,61,0,120,423,130,140,31,0,301,26,31,63,0,120,421
3,Wilkes,Edward B Pope Center,1025,621,60.59 %,59,96,23,1,179,137,193,110,1,441,620,60,97,23,1,181,137,191,110,1,439,620,62,95,24,1,182,131,188,103,1,423,605
4,Wilkes,Rayle City Hall,578,377,65.22 %,151,77,20,0,248,39,39,50,0,128,376,150,76,20,0,246,41,40,50,0,131,377,149,77,20,0,246,36,38,50,0,124,370
5,Wilkes,Courthouse,1023,675,65.98 %,104,279,64,0,447,45,111,71,0,227,674,106,279,62,0,447,43,111,72,0,226,673,102,279,63,0,444,44,107,69,0,220,664
6,Wilkes,Tignal Sch Lunch Rm,906,629,69.43 %,204,134,49,0,387,78,63,98,1,240,627,204,135,48,0,387,78,62,100,1,241,628,202,134,48,0,384,73,58,101,1,233,617
0,Wilkinson,Bloodworth,440,305,69.32 %,192,58,16,0,266,14,18,6,0,38,304,193,58,16,0,267,13,18,6,0,37,304,194,60,16,0,270,11,16,5,0,32,302
1,Wilkinson,Griffin,186,149,80.11 %,90,18,10,0,118,13,4,14,0,31,149,89,18,10,0,117,13,4,14,0,31,148,87,18,10,0,115,14,4,14,0,32,147
2,Wilkinson,High Hill,185,140,75.68 %,79,26,8,0,113,10,13,4,0,27,140,78,26,8,0,112,10,13,4,0,27,139,78,26,8,0,112,11,11,4,0,26,138
3,Wilkinson,Irwinton,888,600,67.57 %,86,152,18,0,256,62,183,96,0,341,597,87,156,14,0,257,63,180,100,0,343,600,87,154,17,0,258,63,177,93,0,333,591
4,Wilkinson,Ivey,985,548,55.63 %,319,113,32,0,464,25,38,21,0,84,548,317,114,32,0,463,27,37,21,0,85,548,315,117,34,0,466,26,33,19,0,78,544
5,Wilkinson,Lord,739,503,68.06 %,168,87,24,1,280,70,76,70,0,216,496,166,87,24,1,278,74,77,71,0,222,500,161,84,24,1,270,69,75,70,0,214,484
6,Wilkinson,Midway,949,616,64.91 %,48,54,10,0,112,124,206,171,0,501,613,49,52,9,0,110,123,208,172,0,503,613,52,51,11,0,114,117,198,166,0,481,595
7,Wilkinson,Ramah,1740,1148,65.98 %,297,172,48,0,517,229,229,164,1,623,1140,297,171,48,0,516,231,232,165,1,629,1145,294,174,45,0,513,226,219,156,1,602,1115
8,Wilkinson,Turkey Creek,469,322,68.66 %,157,48,15,1,221,55,29,15,0,99,320,158,48,15,1,222,54,29,16,0,99,321,154,46,15,1,216,51,28,16,0,95,311
0,Worth,Sylvester,2910,1502,51.62 %,180,286,56,0,522,248,435,294,1,978,1500,184,286,60,0,530,244,436,289,1,970,1500,186,297,59,0,542,236,413,287,1,937,1479
1,Worth,Scooterville,596,368,61.74 %,237,84,22,0,343,4,9,10,0,23,366,235,84,22,0,341,6,9,10,0,25,366,232,84,22,0,338,5,9,8,0,22,360
2,Worth,Minton,541,371,68.58 %,226,95,26,0,347,5,7,10,0,22,369,227,96,26,0,349,5,7,10,0,22,371,224,94,26,0,344,5,6,10,0,21,365
3,Worth,Bridgeboro,1251,728,58.19 %,335,210,56,1,602,45,49,30,0,124,726,331,209,56,1,597,48,49,31,0,128,725,336,212,56,1,605,39,44,29,0,112,717
4,Worth,County Line,875,428,48.91 %,178,125,45,0,348,13,26,39,0,78,426,175,126,44,0,345,16,26,39,0,81,426,175,121,44,0,340,16,29,38,0,83,423
5,Worth,Isabella,1380,914,66.23 %,341,361,85,0,787,33,61,30,0,124,911,340,358,86,0,784,34,64,31,0,129,913,340,360,87,0,787,32,60,30,0,122,909
6,Worth,Piney Woods,318,190,59.75 %,48,50,15,0,113,19,37,18,0,74,187,47,51,15,0,113,20,37,18,0,75,188,47,49,15,0,111,20,39,18,0,77,188
7,Worth,Sylvester East,1362,825,60.57 %,232,319,76,0,627,45,89,62,0,196,823,233,319,75,0,627,44,89,63,0,196,823,235,319,80,0,634,38,84,55,0,177,811
8,Worth,Poulan,850,523,61.53 %,224,153,42,0,419,36,35,33,0,104,523,225,152,42,0,419,35,34,33,0,102,521,224,151,42,0,417,35,35,32,0,102,519
9,Worth,Sumner,846,533,63.00 %,248,144,39,0,431,30,36,35,0,101,532,248,145,40,0,433,29,36,34,0,99,532,248,146,41,0,435,27,33,32,0,92,527
10,Worth,Shingler,541,390,72.09 %,196,120,29,0,345,7,18,19,0,44,389,195,120,28,0,343,7,18,20,0,45,388,194,121,29,0,344,8,17,18,0,43,387
11,Worth,Red Rock,1230,659,53.58 %,301,161,41,0,503,37,59,59,0,155,658,298,162,41,0,501,39,57,59,0,155,656,301,161,41,0,503,38,55,59,0,152,655
12,Worth,Doles,432,279,64.58 %,154,74,24,0,252,7,13,7,0,27,279,154,75,23,0,252,7,12,8,0,27,279,153,72,23,0,248,6,11,7,0,24,272
13,Worth,Oakfield,213,130,61.03 %,49,40,5,0,94,8,11,17,0,36,130,49,40,5,0,94,8,11,17,0,36,130,49,40,5,0,94,8,11,15,0,34,128
14,Worth,Warwick,676,464,68.64 %,204,80,36,0,320,50,21,72,0,143,463,204,80,36,0,320,51,21,72,0,144,464,205,78,36,0,319,46,19,71,0,136,455
